gene	driver_citations	oncogene_citations	tumor_suppressor_citations	all_citations
MYC	632	2087	6	2725
RET	33	1093	8	1134
TP53	132	160	815	1107
BRAF	240	709	2	951
ERBB2	170	690	2	862
KRAS	119	715	2	836
ABL1	102	619	1	722
KIT	115	530	1	646
PTEN	109	32	461	602
MYCN	115	442	6	563
WT1	0	62	422	484
RB1	5	10	462	477
NRAS	99	295	1	395
ALK	116	233	1	350
CDKN2A	20	67	243	330
BCR	57	230	4	291
MET	18	265	2	285
APC	48	15	201	264
FOS	2	255	0	257
BRCA1	13	4	211	228
BCL2	10	196	6	212
CCND1	10	181	1	192
VHL	4	45	139	188
YAP1	22	148	18	188
AKT1	61	116	6	183
MYB	8	166	2	176
NOTCH1	36	95	40	171
RUNX3	0	20	136	156
KLF4	1	43	109	153
EWSR1	15	134	2	151
PIK3CA	59	89	1	149
KMT2A	88	58	2	148
CDH1	11	43	92	146
STAT3	15	112	13	140
HRAS	17	119	0	136
EZH2	17	82	23	122
JUN	1	120	0	121
ROS1	25	88	3	116
SRC	10	102	2	114
SHH	77	34	0	111
GLI1	5	100	1	106
BCL6	1	86	1	88
CTNNB1	9	79	0	88
PML	6	43	39	88
STK11	15	12	58	85
RASSF1	0	2	81	83
HGF	12	69	0	81
SMAD4	9	10	62	81
NF1	21	8	50	79
SOX2	2	71	3	76
MEN1	2	20	51	73
MARK2	0	72	0	72
LMO2	3	67	0	70
CDKN1A	0	36	33	69
PDGFRA	35	34	0	69
RUNX1	4	35	30	69
MITF	12	54	2	68
MTDH	2	65	1	68
FOXM1	6	56	5	67
MLLT3	49	18	0	67
MTOR	12	52	3	67
ERG	10	55	0	65
NPM1	10	53	2	65
MDM2	1	59	2	62
TAZ	11	50	1	62
EGF	12	49	0	61
CADM1	0	1	59	60
BRCA2	2	2	55	59
PDGFB	28	26	2	56
CD274	5	49	0	54
VEGFA	19	31	4	54
TERT	7	43	3	53
AR	35	12	4	51
CSF1R	2	49	0	51
MYCL	4	47	0	51
FHIT	0	23	27	50
KLF6	0	1	49	50
SYK	5	11	33	49
PTPN11	6	29	12	47
PTTG1	0	47	0	47
NF2	6	6	34	46
NTRK1	2	42	2	46
WWOX	1	3	42	46
FGFR1	16	29	0	45
TCL1A	3	41	1	45
ARID1A	7	8	29	44
DLC1	0	2	42	44
FOXP1	0	32	12	44
CDK16	0	43	0	43
PTGS2	7	33	3	43
RARA	8	29	6	43
SLC3A2	3	40	0	43
BAP1	5	0	37	42
FBXW7	5	9	28	42
TAL1	6	36	0	42
CDK8	1	39	1	41
ETS1	0	40	1	41
PTGDR	1	36	4	41
TNFAIP3	0	11	30	41
TWSG1	0	4	37	41
CBL	3	34	3	40
FLT3	19	20	1	40
MAF	0	38	2	40
EGR1	0	19	20	39
JAK2	10	28	0	38
MAPK1	8	29	1	38
PDCD4	0	20	18	38
PI3	13	25	0	38
BCL2L1	1	36	0	37
CDKN1B	0	9	28	37
PTCH1	5	14	18	37
RAF1	0	37	0	37
IDH1	16	13	7	36
PRKN	1	8	27	36
SMARCB1	3	5	28	36
WNT5A	7	11	18	36
FGFR3	4	30	1	35
FOXO1	1	9	25	35
NDRG2	0	3	32	35
SIRT6	2	15	18	35
SKP2	1	33	1	35
SOX4	2	26	7	35
DEK	0	34	0	34
E2F1	4	16	14	34
IL6	10	23	1	34
SIRT1	0	18	16	34
TCF3	1	18	15	34
FOXP3	2	6	25	33
ID4	2	14	17	33
NFIB	7	20	6	33
SERPINB5	0	1	32	33
SETD2	3	3	27	33
NKX3-1	0	2	30	32
CDKN2B	0	5	26	31
RBMS3	0	23	8	31
AXL	5	22	3	30
FOXO3	2	6	22	30
MAPK8	2	23	5	30
TET1	0	15	15	30
MECOM	0	29	0	29
ZBTB7A	0	21	8	29
AURKA	1	25	2	28
CHD5	0	0	28	28
PAX6	0	6	22	28
ATM	7	7	13	27
FHL2	0	15	12	27
HPGD	0	2	25	27
MAP2K7	7	18	2	27
REL	3	24	0	27
SPARC	2	7	18	27
SPOP	7	4	16	27
TET2	7	2	18	27
TUSC3	0	9	18	27
UCHL1	0	18	9	27
FTO	0	25	1	26
KL	0	2	24	26
NKX2-1	0	25	1	26
PTPA	2	3	21	26
PTPRD	0	0	26	26
SETDB1	1	24	1	26
SOX9	5	16	5	26
ZEB1	10	12	4	26
C2ORF40	0	0	25	25
CCN2	1	15	9	25
CDK4	2	16	7	25
DDX3X	1	15	9	25
FUS	1	23	1	25
HMGA2	3	21	1	25
IKZF1	2	7	16	25
NFKB1	0	23	2	25
OTX2	2	23	0	25
STAT1	1	3	21	25
YBX1	2	23	0	25
CRNDE	0	24	0	24
DCC	0	0	24	24
EIF4E	2	20	2	24
ERBB3	9	15	0	24
ETV6	3	18	3	24
HMGA1	5	18	1	24
HOXA9	5	16	3	24
KLF5	0	12	12	24
MUC1	0	24	0	24
NCOA3	3	20	1	24
RAB25	1	8	15	24
SOCS1	0	7	17	24
WNT1	5	18	1	24
ZNF703	1	23	0	24
ATF3	0	14	9	23
CDX2	0	7	16	23
GNMT	0	4	19	23
INS	8	14	1	23
IRF8	0	5	18	23
LOX	1	8	14	23
PBX1	1	21	1	23
PCNA	0	22	1	23
PTPN12	0	5	18	23
TP63	3	16	4	23
TRIB2	0	22	1	23
CCN4	0	18	4	22
CREB1	1	19	2	22
FOXA1	3	17	2	22
KDM6A	5	5	12	22
LMO1	0	22	0	22
METTL3	1	17	4	22
PAX5	2	5	15	22
PRRT2	1	16	5	22
SIRT3	0	2	20	22
TLX1	3	18	1	22
AKT2	4	12	5	21
ATF2	1	17	3	21
DNMT3A	6	8	7	21
ESR2	1	19	1	21
FASN	1	20	0	21
IRF4	1	19	1	21
SMARCA4	5	8	8	21
TFCP2	0	19	2	21
TFF1	0	6	15	21
TWIST1	6	13	2	21
AHR	3	10	7	20
CDKN2C	0	2	18	20
DAB2IP	2	1	17	20
EPHA2	2	17	1	20
ESR1	6	5	9	20
FLCN	0	3	17	20
IRF1	0	4	16	20
KDM5B	0	17	3	20
LETMD1	0	20	0	20
MST1R	3	17	0	20
PIM1	1	19	0	20
TP73	3	0	17	20
CBX7	0	9	10	19
CDC73	0	1	18	19
CTCF	2	13	4	19
DNMT1	0	6	13	19
EML4	1	18	0	19
FOXC1	0	18	1	19
GFAP	4	10	5	19
MAP2K4	0	7	12	19
MEIS1	6	11	2	19
NR4A3	0	2	17	19
PDLIM7	3	15	1	19
PIN1	0	16	3	19
CDKN1C	0	4	14	18
CDKN3	0	15	3	18
CRKL	0	18	0	18
CYLD	1	1	16	18
FLI1	3	15	0	18
GNAS	0	16	2	18
KIF14	0	16	2	18
MCL1	4	14	0	18
NOTCH2	1	7	10	18
NR4A1	0	10	8	18
PELP1	3	15	0	18
TCF21	0	0	18	18
TRIM3	0	0	18	18
CAV1	0	4	13	17
EMP3	0	4	13	17
EPHA7	1	2	14	17
FGFR2	5	10	2	17
GNAQ	7	10	0	17
HIC1	0	0	17	17
HMGB1	0	9	8	17
IGFBP7	0	1	16	17
LIN28B	6	11	0	17
MACC1	0	17	0	17
PPM1D	0	17	0	17
PRDM1	1	1	15	17
PWWP3A	0	17	0	17
SPI1	2	6	9	17
UHRF1	2	14	1	17
AMER1	1	0	15	16
BCL3	0	16	0	16
BRD7	0	1	15	16
CFTR	1	5	10	16
EP300	0	5	11	16
INPP4B	0	6	10	16
MCC	0	5	11	16
MPL	2	13	1	16
NUMB	0	8	8	16
PLK1	0	11	5	16
QKI	1	0	15	16
RAP1GAP	0	0	16	16
RHOA	3	11	2	16
RUNX2	3	11	2	16
SALL4	0	16	0	16
SULF1	0	2	14	16
TRIM24	1	12	3	16
ATOH1	0	1	14	15
CCN1	1	3	11	15
CUL4A	0	15	0	15
DAB2	0	2	13	15
DIRAS3	0	0	15	15
ETS2	1	6	8	15
GOLPH3	0	15	0	15
IGF1R	6	5	4	15
IKBKE	1	14	0	15
KDM4C	0	15	0	15
KITLG	3	12	0	15
LRIG1	0	1	14	15
NDRG1	0	6	9	15
NTN1	1	12	2	15
NTRK3	0	8	7	15
PRAM1	0	15	0	15
PTPN6	0	1	14	15
RAB1A	1	12	2	15
RBM38	0	5	10	15
RRAS	0	15	0	15
SPDEF	1	6	8	15
SPRY2	1	2	12	15
TES	0	4	11	15
ZNF217	1	14	0	15
BIRC5	1	13	0	14
CDC20	2	12	0	14
CHD1L	0	14	0	14
CXCR4	5	6	3	14
ERBB4	3	5	6	14
FBXO31	0	2	12	14
GAB2	1	13	0	14
HSP90AA1	1	13	0	14
ING4	0	2	12	14
KANK1	0	0	14	14
MALT1	4	10	0	14
NGFR	0	3	11	14
NR0B2	0	1	13	14
PAWR	1	4	9	14
PLCE1	1	10	3	14
PTK6	2	6	6	14
PTPN1	0	9	5	14
PTPRO	0	1	13	14
RHOBTB2	0	1	13	14
SIRT2	0	8	6	14
SOX7	0	2	12	14
SP1	3	7	4	14
SULF2	0	13	1	14
TTF1	0	12	2	14
URI1	1	13	0	14
VAV1	2	10	2	14
ZIC1	0	3	11	14
ARTN	0	12	1	13
BCL11A	0	12	1	13
BCL11B	1	2	10	13
BRF2	1	12	0	13
CACNA2D3	0	0	13	13
CD44	7	5	1	13
CDH13	0	5	8	13
CDK6	6	6	1	13
CEACAM1	1	0	12	13
CIP2A	3	10	0	13
DAPK1	0	4	9	13
DKK3	0	2	11	13
DNMT3B	1	1	11	13
EYA4	0	3	10	13
GATA3	5	1	7	13
HTATIP2	0	0	13	13
KDM2B	0	10	3	13
KMT2C	1	1	11	13
MDM4	4	8	1	13
MTSS1	0	3	10	13
MYBL2	0	11	2	13
MYD88	4	9	0	13
NSD2	2	11	0	13
PCDH10	0	0	13	13
PRDM2	0	1	12	13
PSMD10	0	12	1	13
PTP4A3	1	10	2	13
PXN	0	13	0	13
RASSF10	0	0	13	13
RBL1	0	1	12	13
RELA	1	11	1	13
SLC9A3R1	1	2	10	13
TFAP2A	0	3	10	13
THY1	1	1	11	13
TRAF6	0	13	0	13
TRIM29	1	8	4	13
ZEB2	2	7	4	13
ZFHX3	0	0	13	13
ANXA7	0	0	12	12
BECN1	1	0	11	12
BEX1	1	0	11	12
CASR	0	4	8	12
CDH2	0	12	0	12
CEBPA	3	7	2	12
ECT2	0	12	0	12
FOXF1	0	2	10	12
FOXQ1	1	10	1	12
GPC3	0	7	5	12
GTPBP4	0	12	0	12
HK2	0	11	1	12
HNF1A	0	8	4	12
HOPX	0	0	12	12
IGF1	3	8	1	12
ING1	0	1	11	12
KDM2A	0	10	2	12
MAP3K8	2	9	1	12
MAPK14	2	7	3	12
MEF2D	0	10	2	12
MLLT1	11	1	0	12
MOS	0	12	0	12
NDRG4	0	2	10	12
NOTCH3	1	8	3	12
PKM	3	9	0	12
PLXNB1	0	6	6	12
PRL	1	11	0	12
PROX1	1	4	7	12
RBL2	0	4	8	12
SEMA3B	0	0	12	12
SIRT7	0	12	0	12
SMO	5	7	0	12
SOCS3	0	1	11	12
SOD2	1	2	9	12
STARD13	0	0	12	12
TBX3	2	9	1	12
TFF3	1	10	1	12
TFPI2	0	1	11	12
TNF	0	12	0	12
TNS4	0	10	2	12
TRIM11	0	12	0	12
USP22	2	10	0	12
USP4	1	6	5	12
VAV3	0	12	0	12
WIF1	0	2	10	12
WTAP	0	12	0	12
YY1	0	8	4	12
ALDH1A2	0	0	11	11
CDC42	4	6	1	11
CSF2	1	10	0	11
DACT2	1	0	10	11
DDX58	1	2	8	11
DICER1	2	0	9	11
E2F5	0	9	2	11
FAT4	0	0	11	11
FBP1	0	1	10	11
FGFR4	3	7	1	11
FOXR2	1	10	0	11
GFI1	1	9	1	11
GJA1	0	4	7	11
GPRC5A	0	2	9	11
HSF1	4	7	0	11
MCTS1	0	11	0	11
MELK	1	10	0	11
MIF	4	7	0	11
MNX1	0	10	1	11
NCOA4	0	11	0	11
NR1H4	0	3	8	11
PDGFA	7	4	0	11
PDGFRB	8	3	0	11
PRR11	0	11	0	11
PTK2	3	6	2	11
PTPRJ	0	0	11	11
PTPRK	0	1	10	11
RELB	2	9	0	11
SFRP1	0	0	11	11
SLC5A8	0	0	11	11
SMAD3	2	1	8	11
ABHD5	0	2	8	10
AIM2	0	2	8	10
ARID2	0	2	8	10
BCL6B	0	0	10	10
CBX8	1	7	2	10
CHEK1	0	8	2	10
CSF1	1	9	0	10
CXCL1	2	8	0	10
DLEC1	0	0	10	10
EEF1A2	0	10	0	10
EPHB2	0	0	10	10
FGF19	3	7	0	10
FLT1	2	8	0	10
FOXK1	0	8	2	10
GATA4	0	2	8	10
HDAC6	0	9	1	10
HIF1A	4	4	2	10
ID1	1	9	0	10
IGF2	2	6	2	10
KAT6A	1	9	0	10
KISS1	0	0	10	10
LIN28A	2	7	1	10
MAP3K7	1	4	5	10
MECP2	0	10	0	10
NGF	0	9	1	10
NTRK2	2	8	0	10
OPCML	0	1	9	10
PBK	1	9	0	10
PCDH17	0	0	10	10
PHB	0	4	6	10
PIWIL1	0	10	0	10
PLAGL2	0	10	0	10
RAB22A	0	10	0	10
RAP1A	0	5	5	10
SLIT2	0	0	10	10
SMARCA1	2	2	6	10
SNAI1	3	5	2	10
SNAI2	2	6	2	10
SNCG	0	10	0	10
SPHK1	0	10	0	10
SQSTM1	0	8	2	10
SRSF1	1	9	0	10
STIM1	1	6	3	10
TFG	0	10	0	10
TGFBI	0	5	5	10
TRIM27	1	9	0	10
YEATS4	1	9	0	10
ZBTB16	1	8	1	10
ZFP36	0	2	8	10
ADAMTS9	0	0	9	9
ADGRF1	0	9	0	9
AFF1	3	6	0	9
AKAP12	0	2	7	9
BICRA	0	0	9	9
BIRC2	0	9	0	9
BTG2	0	4	5	9
BTG3	0	0	9	9
CALR	2	7	0	9
CD8A	6	3	0	9
CDH4	0	1	8	9
CEP55	0	9	0	9
CST6	0	0	9	9
CXCL8	4	5	0	9
EGLN1	0	1	8	9
EIF5A2	0	9	0	9
ELAVL1	0	9	0	9
ELF3	2	5	2	9
FAS	1	5	3	9
FES	1	6	2	9
FLII	2	7	0	9
FLVCR1	2	4	3	9
FOXF2	0	5	4	9
FUT1	2	7	0	9
GATA6	0	6	3	9
GDF15	0	3	6	9
GKN1	0	3	6	9
GLIPR1	0	1	8	9
GNA11	4	5	0	9
HOXA1	1	8	0	9
IFNA1	1	4	4	9
IGFBP2	3	6	0	9
IL10	2	7	0	9
IL2	4	4	1	9
INPP5D	0	1	8	9
IRX1	0	1	8	9
KDM1A	1	7	1	9
KDM6B	1	5	3	9
KIF5B	3	6	0	9
KLK10	0	3	6	9
LATS2	0	2	7	9
LRP1B	0	0	9	9
MMP9	0	8	1	9
MTAP	0	2	7	9
MUC4	0	7	2	9
MYO18B	0	0	9	9
NOB1	0	9	0	9
NRG1	6	3	0	9
PAK1	1	8	0	9
PAQR3	0	1	8	9
PCGF2	0	1	8	9
PER2	0	1	8	9
PHF6	4	0	5	9
PIM3	0	9	0	9
POU5F1	2	4	3	9
PPARA	0	1	8	9
PPARG	0	4	5	9
PRKCI	0	9	0	9
PRMT5	3	6	0	9
PROM1	7	2	0	9
PSCA	1	4	4	9
PTK2B	1	7	1	9
PTPN13	0	1	8	9
PTPRG	0	0	9	9
RASAL1	0	0	9	9
RNF6	0	6	3	9
RPRM	0	1	8	9
RPS6KA6	0	1	8	9
S100A4	2	3	4	9
SENP2	0	0	9	9
SETBP1	2	7	0	9
SETD7	0	1	8	9
SS18	0	9	0	9
TBX2	2	4	3	9
TLE1	0	5	4	9
TPD52	0	8	1	9
USP9X	1	0	8	9
WWP1	0	7	2	9
ZHX2	1	3	5	9
ADIPOQ	0	5	3	8
AFP	2	6	0	8
AMOT	0	4	4	8
ARID1B	1	1	6	8
BHLHE41	0	2	6	8
BRD4	3	4	1	8
BRIP1	1	1	6	8
CASZ1	0	0	8	8
CCBE1	0	4	4	8
CCND3	0	6	2	8
CCNE1	0	8	0	8
CDH17	0	7	1	8
CDK12	1	1	6	8
CEBPD	0	0	8	8
CHL1	1	2	5	8
CIC	3	0	5	8
CLU	0	4	4	8
CYGB	0	1	7	8
DDIT3	0	8	0	8
DLGAP5	0	8	0	8
DNAH8	1	6	1	8
DNAJB4	0	3	5	8
DTL	0	8	0	8
E2F2	1	2	5	8
E2F3	1	5	2	8
EHF	0	3	5	8
ERRFI1	0	1	7	8
ETV1	0	8	0	8
FABP3	0	6	2	8
FAT1	1	2	5	8
FBXO11	0	4	4	8
FGF5	0	8	0	8
FOSL1	2	6	0	8
FSCN1	0	7	1	8
GLI2	3	5	0	8
GPX3	0	0	8	8
GRM1	0	8	0	8
HACE1	0	0	8	8
HNF4A	0	3	5	8
HOXD10	0	1	7	8
IGF2R	0	2	6	8
IL11	0	8	0	8
IL24	0	1	7	8
ILF3	0	7	1	8
ING3	0	1	7	8
IQGAP2	0	0	8	8
JUNB	0	6	2	8
KCTD11	0	0	8	8
KDR	2	6	0	8
KLF8	0	8	0	8
LPA	2	5	1	8
MEF2C	0	7	1	8
MGMT	0	4	4	8
MLLT11	0	8	0	8
MN1	1	5	2	8
MTUS1	0	0	8	8
MXI1	0	0	8	8
NCL	0	8	0	8
NEUROG1	0	4	4	8
NFATC2	1	6	1	8
NKX2-8	0	3	5	8
NLK	0	0	8	8
NME1	1	2	5	8
NSD3	2	6	0	8
NUAK1	0	8	0	8
PAK4	2	6	0	8
PAX3	1	6	1	8
PBRM1	1	0	7	8
PCDH8	0	0	8	8
PDX1	0	4	4	8
POU3F2	3	5	0	8
PPP1R13L	0	8	0	8
RBM5	0	0	8	8
RHOC	2	6	0	8
ROCK1	0	6	2	8
SATB2	0	1	7	8
SERPINB3	1	5	2	8
SFN	0	6	2	8
SLC2A1	1	6	1	8
SLC39A1	0	0	8	8
SOX11	0	2	6	8
SPRY4	0	2	6	8
SRF	0	8	0	8
SUSD2	0	1	7	8
SUZ12	1	3	4	8
TGFB1	2	5	1	8
TIMP3	0	2	6	8
TP53INP2	0	8	0	8
TPX2	0	8	0	8
TXNIP	0	0	8	8
UBE2C	0	8	0	8
WNT10A	0	8	0	8
YWHAZ	1	6	1	8
AFAP1	0	7	0	7
AGR2	0	7	0	7
AJUBA	0	5	2	7
ALKBH5	0	7	0	7
ANXA6	0	0	7	7
ASPN	1	3	3	7
ATF1	0	5	2	7
ATRX	6	0	1	7
AZGP1	0	0	7	7
BEX2	0	0	7	7
BIRC3	3	4	0	7
BLCAP	0	0	7	7
CAMTA1	0	0	7	7
CCN6	0	2	5	7
CDK1	0	4	3	7
CDK5	0	4	3	7
CHD1	1	2	4	7
CLCA2	0	0	7	7
CNTNAP1	4	3	0	7
CREBBP	0	4	3	7
DACH1	0	0	7	7
DCUN1D1	0	6	1	7
DKK1	0	3	4	7
DUSP1	2	3	2	7
EHMT2	1	4	2	7
EIF2AK2	0	2	5	7
EPO	3	4	0	7
FAM83D	2	5	0	7
FGF2	4	3	0	7
FGF3	0	7	0	7
FOXD3	1	0	6	7
FYN	0	5	2	7
GLI3	0	7	0	7
GPER1	1	1	5	7
GRHL2	1	1	5	7
GSN	0	1	6	7
GSTP1	1	0	6	7
HCCS	0	5	2	7
IRS2	0	7	0	7
ITCH	0	0	7	7
ITIH5	1	1	5	7
KLF2	0	1	6	7
KMT2D	0	4	3	7
LASP1	0	5	2	7
LIFR	0	0	7	7
LRRC4	0	0	7	7
MAP2K1	2	5	0	7
MMP14	4	3	0	7
MMP7	1	5	1	7
MTA3	0	4	3	7
NANOG	3	4	0	7
NCOA2	1	6	0	7
NFATC1	3	3	1	7
NOP53	0	1	6	7
NR2E1	1	6	0	7
PATZ1	0	3	4	7
PHF8	0	7	0	7
PHGDH	0	7	0	7
PIK3R1	2	3	2	7
PLK2	0	3	4	7
PPP6C	5	1	1	7
PREX1	3	4	0	7
PSMA6	0	7	0	7
PTRH2	0	1	6	7
PTTG1IP	0	7	0	7
RAC1	5	1	1	7
RAN	2	5	0	7
RARRES1	0	1	6	7
RASA1	0	2	5	7
RASSF8	0	0	7	7
RIPK1	1	6	0	7
RND3	0	1	6	7
RRAS2	0	7	0	7
SAMSN1	0	2	5	7
SGK3	0	7	0	7
SMAD2	0	1	6	7
SMYD4	0	0	7	7
SOX10	2	2	3	7
SOX6	0	0	7	7
ST18	0	4	3	7
STK4	0	1	6	7
TACC3	0	6	1	7
TBX5	0	1	6	7
TCF4	0	5	2	7
THRA	0	6	1	7
TRAF3	0	1	6	7
TSC1	3	1	3	7
UNC5D	0	0	7	7
USP39	0	7	0	7
ACTL6A	0	5	1	6
AKT3	1	2	3	6
ANP32C	0	6	0	6
ATAD2	0	6	0	6
AXIN1	0	1	5	6
BARD1	0	4	2	6
BAX	1	3	2	6
BCL2L11	0	3	3	6
BCL9	0	6	0	6
BDNF	0	4	2	6
BLNK	1	3	2	6
BSG	2	4	0	6
CALCA	0	6	0	6
CARM1	1	5	0	6
CBFA2T3	0	0	6	6
CBX4	0	3	3	6
CCN5	0	2	4	6
CCNC	0	2	4	6
CCND2	0	2	4	6
CD300A	0	5	1	6
CDC25A	0	6	0	6
CLDN1	0	1	5	6
CTBP1	0	2	4	6
CTCFL	1	4	1	6
CTNND1	0	2	4	6
CXCL14	0	1	5	6
DDX5	0	6	0	6
DEPTOR	0	5	1	6
DOT1L	3	3	0	6
DPH1	0	1	5	6
DPP4	0	0	6	6
DUSP4	0	0	6	6
DUSP6	0	1	5	6
EFEMP1	0	1	5	6
EGR2	0	5	1	6
EIF3E	0	3	3	6
EPB41L3	0	0	6	6
EPHA3	0	2	4	6
EPHB3	0	1	5	6
FEZF1	0	6	0	6
FOXK2	0	4	2	6
FRZB	0	4	2	6
GDE1	0	0	6	6
GLS	1	5	0	6
GOLM1	0	6	0	6
GOLPH3L	0	6	0	6
GPBAR1	1	1	4	6
GPNMB	0	3	3	6
GUCY2C	1	0	5	6
HDAC1	0	4	2	6
HDAC9	1	2	3	6
HDGF	0	6	0	6
HMGN5	0	6	0	6
HOXB13	0	1	5	6
HTRA1	0	0	6	6
ID2	0	2	4	6
ID3	0	3	3	6
IDH2	3	2	1	6
IGFBP3	0	1	5	6
INTS6	0	0	6	6
IRF6	1	1	4	6
KCNQ1	0	0	6	6
LCN2	1	2	3	6
LMO3	0	5	1	6
LYL1	1	5	0	6
MAGED4	0	6	0	6
MAL	0	0	6	6
MAP3K1	2	2	2	6
MCAM	0	2	4	6
MCF2	0	6	0	6
MDK	2	4	0	6
MLH1	0	1	5	6
MSI1	0	5	1	6
MZF1	0	6	0	6
NCOR1	0	6	0	6
NEK7	0	6	0	6
NOS3	1	5	0	6
NT5C2	4	2	0	6
NUP98	2	3	1	6
OGT	0	6	0	6
PAX2	0	5	1	6
PDLIM5	0	6	0	6
PDXP	2	1	3	6
PIGU	0	6	0	6
PINX1	0	1	5	6
PITX1	1	1	4	6
PLAG1	0	6	0	6
PRC1	0	5	1	6
PRDX1	0	2	4	6
PRKDC	0	3	3	6
PRSS3	1	1	4	6
PTBP1	1	5	0	6
PTN	1	5	0	6
PTPRZ1	1	5	0	6
RAB14	0	3	3	6
RASSF2	0	0	6	6
RECK	0	1	5	6
RHOB	0	1	5	6
RHOH	0	5	1	6
RICTOR	2	4	0	6
ROR1	1	5	0	6
RPS6KA2	0	0	6	6
RRBP1	0	6	0	6
RSF1	0	6	0	6
RSPO3	1	2	3	6
RUNX1T1	2	2	2	6
S100A2	0	0	6	6
SALL2	0	0	6	6
SEMA3F	0	0	6	6
SEPT9	0	5	1	6
SMAD7	0	2	4	6
SND1	0	4	2	6
SOX1	0	3	3	6
SOX15	0	0	6	6
SOX17	1	1	4	6
SOX5	0	6	0	6
SSBP2	0	0	6	6
STAT5A	1	3	2	6
STOML2	0	6	0	6
SYNPO2	0	0	6	6
TACC2	0	2	4	6
TACSTD2	0	5	1	6
TAT	0	2	4	6
THBS1	0	1	5	6
TKTL1	1	5	0	6
TLX3	0	5	1	6
TMEM176A	0	0	6	6
TNFAIP8L2	0	0	6	6
TOB1	0	1	5	6
TRIB1	0	5	1	6
TRIM28	1	2	3	6
TRIM33	0	1	5	6
TRIM44	0	6	0	6
TRIM59	0	6	0	6
TRPM1	0	0	6	6
TSG101	0	2	4	6
TTN	1	5	0	6
UBE2S	0	6	0	6
VWA5A	0	0	6	6
WNT7A	0	3	3	6
ABCB5	4	1	0	5
AJAP1	0	0	5	5
ALDOA	0	5	0	5
ALOX15	0	0	5	5
ANXA2	1	4	0	5
APAF1	0	2	3	5
ARHGAP26	0	0	5	5
ARID4A	0	2	3	5
ARID4B	1	2	2	5
ARNT	0	5	0	5
ASCL1	1	4	0	5
BACH1	0	5	0	5
BCL2L2	0	5	0	5
BIN1	0	0	5	5
BMP4	0	4	1	5
BNC2	0	0	5	5
BOP1	0	5	0	5
BRINP1	0	0	5	5
CBLB	0	5	0	5
CCDC6	0	4	1	5
CCN3	0	2	3	5
CD151	2	3	0	5
CD34	2	3	0	5
CDK10	0	0	5	5
CLCA1	0	0	5	5
CLDN7	0	0	5	5
CNOT3	1	0	4	5
COPS5	0	5	0	5
CRP	1	4	0	5
CRYBG1	0	0	5	5
CSF3R	2	3	0	5
CTBP2	0	5	0	5
CTDSPL	0	0	5	5
CTHRC1	0	5	0	5
CTTN	0	5	0	5
DCD	0	5	0	5
DDR2	2	3	0	5
DIRAS1	0	0	5	5
DIS3	1	1	3	5
DMBT1	0	0	5	5
DMD	0	0	5	5
DRG1	0	3	2	5
EAF2	0	0	5	5
EIF4EBP1	0	5	0	5
EMP2	0	3	2	5
EMSY	0	5	0	5
EPCAM	1	3	1	5
EPHB4	0	1	4	5
ESRP1	0	1	4	5
EZR	1	3	1	5
FBXO32	0	0	5	5
FOCAD	0	0	5	5
FOXA2	0	2	3	5
FRK	0	0	5	5
FSTL1	1	1	3	5
GALR1	0	0	5	5
GATA2	1	3	1	5
GDF11	0	0	5	5
GDF2	0	2	3	5
GRP	0	5	0	5
H3F3A	5	0	0	5
HDAC2	1	4	0	5
HMGB3	0	4	1	5
HMMR	1	3	1	5
HNRNPA1	0	5	0	5
HOXA11	0	1	4	5
HOXA5	0	1	4	5
IGF2BP1	0	4	1	5
IGFBP5	0	0	5	5
IL7R	1	4	0	5
ILK	1	3	1	5
INPPL1	0	3	2	5
INSR	0	5	0	5
JDP2	0	3	2	5
KDM3A	0	5	0	5
KDM3B	0	1	4	5
KDM4A	1	3	1	5
KDM5C	0	4	1	5
KIF4A	0	5	0	5
KLF10	0	0	5	5
KLF13	0	3	2	5
LAPTM4B	0	5	0	5
LATS1	0	1	4	5
LGI1	0	0	5	5
LGR5	0	4	1	5
LSAMP	0	1	4	5
LXN	0	0	5	5
LZTS1	0	0	5	5
MAP2K6	0	5	0	5
MAP3K3	0	5	0	5
METTL14	0	3	2	5
MIEN1	0	5	0	5
MMP2	1	3	1	5
MT3	0	2	3	5
MYOD1	0	0	5	5
NACC1	0	5	0	5
NBN	0	0	5	5
NEDD9	1	4	0	5
NEFH	0	0	5	5
NISCH	0	1	4	5
NKX2-2	0	4	1	5
NKX2-5	0	5	0	5
NPAS3	2	1	2	5
NR2F2	0	4	1	5
NR4A2	0	3	2	5
NR5A2	2	3	0	5
NTSR1	0	1	4	5
ODC1	1	4	0	5
OLR1	0	2	3	5
PA2G4	0	0	5	5
PER1	0	0	5	5
PIM2	0	5	0	5
PLK4	0	1	4	5
PLXNC1	0	0	5	5
PPP1R1B	1	4	0	5
PRDM14	1	4	0	5
PRSS27	0	5	0	5
PSPH	1	4	0	5
PTHLH	4	1	0	5
PTK7	0	5	0	5
PTPN9	0	1	4	5
RAD9A	0	4	1	5
RALA	1	3	1	5
RASAL2	0	2	3	5
RASSF6	0	0	5	5
RBM45	0	1	4	5
RERG	0	0	5	5
RIOX2	0	5	0	5
RIT1	0	3	2	5
RNF43	0	2	3	5
RP1	0	1	4	5
RPA1	0	5	0	5
RRAD	0	0	5	5
S100A11	0	1	4	5
S100A8	0	4	1	5
S100B	0	1	4	5
S1PR2	2	0	3	5
SASH1	0	0	5	5
SATB1	0	5	0	5
SCARB1	0	5	0	5
SEMA3A	0	1	4	5
SFRP2	0	0	5	5
SMAD5	0	1	4	5
SMARCA2	1	0	4	5
SMYD2	0	3	2	5
SMYD3	0	5	0	5
SOSTDC1	0	0	5	5
SOX3	0	5	0	5
SPAG5	0	5	0	5
SPINT2	0	0	5	5
SRY	0	4	1	5
STYK1	0	5	0	5
TBK1	0	5	0	5
TBX1	3	0	2	5
TCF7L2	0	3	2	5
TEAD4	0	4	1	5
TENT5C	2	0	3	5
TFAP2C	1	4	0	5
TGFBR2	0	1	4	5
THEM4	1	4	0	5
TLR4	2	3	0	5
TNFSF11	2	3	0	5
TNK2	0	5	0	5
TP53BP1	0	0	5	5
TP53I3	0	5	0	5
TP53INP1	0	1	4	5
TREM2	0	3	2	5
TRIM25	0	5	0	5
UBE3A	0	1	4	5
ULK1	0	5	0	5
USP15	0	4	1	5
VDR	0	5	0	5
VGLL4	0	1	4	5
VPS53	0	0	5	5
XPO1	0	4	1	5
ZFP82	0	0	5	5
ZIC2	0	5	0	5
ZNF750	0	0	5	5
ABR	0	0	4	4
ACSL1	0	1	3	4
ADAR	0	3	1	4
ADCYAP1	0	3	1	4
AGL	3	0	1	4
AGRN	0	4	0	4
AGXT	0	4	0	4
AHI1	0	4	0	4
AMACR	0	4	0	4
ANGPTL2	2	1	1	4
ANXA1	0	3	1	4
ARAF	1	3	0	4
AREG	1	3	0	4
ARHGAP1	0	0	4	4
ARHGEF1	2	2	0	4
ARRDC3	0	1	3	4
ASXL1	1	2	1	4
ATF7IP	1	3	0	4
ATOH7	0	3	1	4
AURKB	0	4	0	4
BACH2	0	0	4	4
BBC3	1	1	2	4
BIRC7	0	4	0	4
BLK	0	3	1	4
BMP3	0	0	4	4
BMP5	0	0	4	4
BNIP3L	0	0	4	4
BTG1	0	0	4	4
BTK	0	4	0	4
CA9	2	1	1	4
CACYBP	0	2	2	4
CADM4	0	0	4	4
CARD11	1	3	0	4
CASP8	0	1	3	4
CCNG1	0	4	0	4
CCNG2	0	3	1	4
CD24	0	4	0	4
CD4	1	3	0	4
CDC6	0	4	0	4
CDH11	0	0	4	4
CDK20	1	3	0	4
CDK9	1	2	1	4
CDKN2D	0	2	2	4
CHFR	0	0	4	4
CHMP1A	0	0	4	4
CLOCK	0	3	1	4
CMTM3	0	0	4	4
CMTM5	0	0	4	4
CMTM7	0	0	4	4
CNDP2	0	0	4	4
CNTNAP2	0	0	4	4
COPS3	0	4	0	4
CPEB1	0	0	4	4
CSMD1	0	0	4	4
CUX1	1	1	2	4
CXCL12	2	2	0	4
CXCL2	0	4	0	4
CXXC4	0	2	2	4
DACT1	0	1	3	4
DCN	0	1	3	4
DDB2	0	1	3	4
DDIT4	1	3	0	4
DDR1	1	1	2	4
DDX20	0	1	3	4
DEFB1	0	2	2	4
DHX9	0	4	0	4
DLK1	0	2	2	4
DLX4	0	2	2	4
DNM3	0	1	3	4
DOK2	0	0	4	4
DTX1	0	3	1	4
DUSP5	0	1	3	4
DYRK1A	0	1	3	4
E2F6	0	3	1	4
EBF1	1	2	1	4
EBF3	1	1	2	4
EGLN3	0	0	4	4
ELF5	2	1	1	4
EN2	0	4	0	4
ENTPD5	0	4	0	4
EPHB6	0	1	3	4
ERP29	0	0	4	4
ERVW-1	1	3	0	4
ETV4	0	4	0	4
EYA2	0	4	0	4
F11R	2	2	0	4
FAM107A	0	0	4	4
FAM83H	0	4	0	4
FBLN1	0	0	4	4
FGF4	0	4	0	4
FGF8	0	4	0	4
FH	1	0	3	4
FNDC3B	0	4	0	4
FOXC2	0	4	0	4
FOXG1	0	3	1	4
FOXJ2	0	0	4	4
FOXP2	0	2	2	4
FUBP1	0	3	1	4
FXR1	0	4	0	4
GADD45A	0	0	4	4
GAS1	0	2	2	4
GFI1B	0	4	0	4
GJB2	0	0	4	4
GLDC	0	3	1	4
GNG4	0	1	3	4
GPC5	0	0	4	4
GPR137	0	4	0	4
GPX7	0	1	3	4
GRB7	0	4	0	4
GRHL1	0	0	4	4
GRIK2	0	1	3	4
GRIN2A	0	0	4	4
GSC	4	0	0	4
GSDME	0	0	4	4
H2AFZ	1	3	0	4
HAS2	2	2	0	4
HELLS	1	3	0	4
HES1	0	3	1	4
HNRNPA2B1	0	4	0	4
HOXA10	0	1	3	4
HOXA13	0	4	0	4
HPSE2	0	0	4	4
HRG	3	1	0	4
IL15	3	1	0	4
IL17A	1	2	1	4
ING5	0	1	3	4
IQGAP1	0	3	1	4
IRF3	0	2	2	4
ITGB1	0	3	1	4
JADE1	0	1	3	4
JAK3	3	1	0	4
KCNH1	0	4	0	4
KDM4B	3	1	0	4
KEAP1	1	1	2	4
KPNA2	0	4	0	4
KSR1	1	1	2	4
LAMTOR5	1	3	0	4
LARP7	0	0	4	4
LDOC1	0	0	4	4
LEP	0	4	0	4
LEPR	0	4	0	4
LHX2	0	4	0	4
LHX6	0	1	3	4
LMNA	0	4	0	4
LMO4	0	4	0	4
LRRC3B	0	0	4	4
LSM1	0	4	0	4
LTF	0	2	2	4
LYN	0	4	0	4
MAP3K14	0	3	1	4
MAP3K5	0	1	3	4
MAPK7	0	2	2	4
MAPK9	0	3	1	4
MCM7	0	4	0	4
MED12	0	2	2	4
MIIP	0	0	4	4
MLLT10	2	2	0	4
MMRN1	4	0	0	4
MSC	3	1	0	4
MSH2	0	1	3	4
MSI2	0	3	1	4
MSX1	0	3	1	4
MT1G	0	0	4	4
MTA1	2	1	1	4
MUC2	0	0	4	4
MYEOV	1	3	0	4
MYH11	3	1	0	4
MYH9	0	1	3	4
NEBL	0	2	2	4
NEDD4L	0	0	4	4
NES	1	2	1	4
NFE2L2	0	4	0	4
NHLH2	0	4	0	4
NMI	0	1	3	4
NRP2	1	3	0	4
NSMCE3	4	0	0	4
NUP214	0	4	0	4
OSR1	0	0	4	4
PABPC1	0	4	0	4
PARVG	0	0	4	4
PDK1	0	4	0	4
PEBP1	0	0	4	4
PEG10	0	3	1	4
PFN1	0	1	3	4
PHLDA2	0	0	4	4
PHLPP1	0	0	4	4
PITX2	0	3	1	4
PLAGL1	0	1	3	4
PLP2	0	4	0	4
PMAIP1	3	0	1	4
POU4F1	1	3	0	4
PPRC1	0	4	0	4
PRDM16	0	2	2	4
PRUNE1	1	3	0	4
PRUNE2	0	0	4	4
PTP4A2	0	4	0	4
PTPRU	0	2	2	4
RACK1	0	4	0	4
RBM3	1	3	0	4
RBM4	0	1	3	4
RECQL5	0	1	3	4
REG3A	0	3	1	4
RETREG1	0	3	1	4
RPL22	1	0	3	4
RSPO1	0	1	3	4
S100P	0	4	0	4
SCRIB	0	1	3	4
SEC62	0	4	0	4
SELENBP1	0	0	4	4
SEPT7	0	2	2	4
SERPINF1	1	2	1	4
SET	0	4	0	4
SF3B1	3	0	1	4
SFTPC	0	4	0	4
SGK1	0	3	1	4
SH3GL2	0	0	4	4
SIK2	0	2	2	4
SIRT4	0	0	4	4
SIRT5	0	1	3	4
SLC22A18	0	0	4	4
SLC8A2	0	0	4	4
SLC9A9	2	2	0	4
SLIT3	0	0	4	4
SOCS2	0	3	1	4
SPIB	0	4	0	4
SPP1	1	2	1	4
SPRY1	0	1	3	4
SRCIN1	0	0	4	4
SSX2	0	4	0	4
ST7L	0	1	3	4
STAG2	1	0	3	4
STMN1	0	1	3	4
SUV39H1	0	2	2	4
TARBP2	1	3	0	4
TCHP	1	0	3	4
TDGF1	0	4	0	4
THBS2	0	4	0	4
TLE4	0	0	4	4
TNFRSF14	0	0	4	4
TNFRSF8	0	4	0	4
TPM1	0	3	1	4
TPR	1	2	1	4
TPT1	0	4	0	4
TRIM14	0	3	1	4
TRIM15	0	0	4	4
TRIM21	0	1	3	4
TRIM26	0	0	4	4
TRIM31	0	1	3	4
TRIM35	0	0	4	4
TRIM8	0	2	2	4
TRPM7	2	2	0	4
TRPS1	1	2	1	4
TSLP	2	2	0	4
TXN	0	3	1	4
TYRO3	1	3	0	4
UBAP2L	0	4	0	4
UBD	1	3	0	4
UBR5	0	4	0	4
UNC5C	0	0	4	4
USP11	0	1	3	4
VIM	1	2	1	4
WDR5	0	4	0	4
WNT10B	0	4	0	4
WNT3A	1	3	0	4
WRAP53	0	4	0	4
WRN	0	0	4	4
XBP1	2	2	0	4
YES1	0	4	0	4
ZBTB33	0	3	1	4
ZKSCAN3	3	1	0	4
ZMYND10	0	0	4	4
ZMYND11	0	1	3	4
ZNF292	0	0	4	4
ZNF350	0	1	3	4
ZNF382	0	0	4	4
ZNF671	0	0	4	4
ABL2	0	3	0	3
ACSL3	1	1	1	3
ACSL4	0	1	2	3
ACVR2A	1	0	2	3
ACY1	0	0	3	3
ADAM17	1	2	0	3
ADAMTS1	0	0	3	3
ADAMTS15	0	0	3	3
ADARB1	0	0	3	3
ADRM1	1	2	0	3
AGK	0	3	0	3
AHNAK	0	0	3	3
AHRR	0	0	3	3
AKR1B10	0	2	1	3
AKR1C3	1	2	0	3
ALB	3	0	0	3
ALDH1A1	1	2	0	3
AMOTL1	0	3	0	3
ANGPTL4	0	0	3	3
APOE	2	0	1	3
ARHGAP10	0	0	3	3
ARHGDIA	0	1	2	3
ARHGEF2	0	3	0	3
ARMCX1	0	1	2	3
ARNTL	0	1	2	3
ASPSCR1	0	2	1	3
ATF4	0	2	1	3
ATMIN	0	1	2	3
ATP8A2	3	0	0	3
AZIN2	3	0	0	3
BAG3	0	2	1	3
BANF1	0	3	0	3
BANP	0	0	3	3
BASP1	0	1	2	3
BCL2A1	0	3	0	3
BCORL1	0	2	1	3
BLMH	0	0	3	3
BNIP3	1	1	1	3
BPTF	2	1	0	3
BRD2	1	2	0	3
CA4	0	0	3	3
CAMK2N1	0	1	2	3
CAPNS1	1	2	0	3
CASP3	0	3	0	3
CCDC68	0	2	1	3
CCR7	2	1	0	3
CD36	3	0	0	3
CD40LG	0	3	0	3
CD99	0	2	1	3
CDH12	0	2	1	3
CDH3	0	1	2	3
CDR1	0	1	2	3
CENPF	1	2	0	3
CERS2	0	0	3	3
CFAP45	0	0	3	3
CFL1	1	1	1	3
CHD4	3	0	0	3
CHEK2	1	0	2	3
CHI3L1	1	2	0	3
CHUK	0	3	0	3
CIR1	0	1	2	3
CISD2	0	2	1	3
CKS1B	0	3	0	3
CLDN3	1	1	1	3
CLIC4	0	0	3	3
CLK2	0	3	0	3
CLTC	1	1	1	3
CMTM4	0	0	3	3
CMTM8	0	0	3	3
COMP	2	1	0	3
COP1	0	2	1	3
COPS6	0	3	0	3
COX8A	1	2	0	3
CREBRF	0	0	3	3
CREM	0	3	0	3
CRLF2	1	2	0	3
CSE1L	0	3	0	3
CSK	0	2	1	3
CTR9	0	0	3	3
CUL4B	0	3	0	3
CXCL16	2	0	1	3
CXCL5	0	1	2	3
DBH	0	3	0	3
DDX41	1	0	2	3
DENND2D	0	0	3	3
DERL1	0	3	0	3
DKK4	0	1	2	3
DLEU7	0	0	3	3
DMP1	0	0	3	3
DNAJB6	0	3	0	3
DOK1	0	0	3	3
DPEP1	0	0	3	3
DUSP10	0	0	3	3
DUSP22	0	0	3	3
DUSP9	0	0	3	3
DYRK1B	0	3	0	3
E2F8	0	3	0	3
EGLN2	0	2	1	3
EIF1AX	3	0	0	3
EIF4A3	0	3	0	3
ELF4	0	2	1	3
EMX2	0	0	3	3
ENO1	0	2	1	3
EPB41	0	0	3	3
ERAS	0	3	0	3
ESPL1	0	3	0	3
EYA1	2	1	0	3
F2R	0	3	0	3
FABP4	1	0	2	3
FAM168A	0	3	0	3
FAM172A	0	1	2	3
FAM57A	0	3	0	3
FBXO22	0	3	0	3
FERMT2	0	2	1	3
FGF7	0	3	0	3
FGFR1OP	0	3	0	3
FGR	0	3	0	3
FHL1	0	1	2	3
FIP1L1	0	3	0	3
FOXN3	0	0	3	3
FOXO4	0	0	3	3
FOXO6	0	1	2	3
FOXS1	0	3	0	3
FRS2	0	3	0	3
FSTL5	0	0	3	3
G6PD	0	3	0	3
GALR2	0	1	2	3
GAS7	0	1	2	3
GAST	1	2	0	3
GBP1	0	0	3	3
GHR	0	3	0	3
GJB1	0	0	3	3
GJB5	0	0	3	3
GLIS2	0	2	1	3
GLS2	0	1	2	3
GPR132	1	2	0	3
GRK5	0	2	1	3
GRN	1	2	0	3
H3F3B	3	0	0	3
HBEGF	2	1	0	3
HDAC3	0	2	1	3
HDAC4	0	3	0	3
HINT1	0	0	3	3
HK1	2	1	0	3
HLF	1	2	0	3
HNF1B	0	2	1	3
HNRNPK	0	2	1	3
HOXC6	1	2	0	3
HPSE	1	1	1	3
HSPD1	0	0	3	3
HTRA3	0	1	2	3
HUWE1	0	0	3	3
IDO1	2	1	0	3
IFT88	0	0	3	3
IL18	2	1	0	3
INHA	0	0	3	3
INHBE	0	2	1	3
INPP5F	0	1	2	3
IRAK1	0	3	0	3
IREB2	1	1	1	3
KAT2B	0	3	0	3
KCNN4	0	3	0	3
KCTD12	0	0	3	3
KDM5A	0	2	1	3
KDM8	0	2	1	3
KIF20A	0	3	0	3
KIF26B	0	3	0	3
KLF11	0	1	2	3
KLF12	0	1	2	3
KLF9	0	0	3	3
KLHL6	0	1	2	3
KMT2B	1	0	2	3
KMT5A	0	1	2	3
KRT19	0	0	3	3
L3MBTL1	0	0	3	3
LAMB3	0	2	1	3
LARP4B	0	0	3	3
LGR6	0	1	2	3
LHX1	0	3	0	3
LIMD2	0	3	0	3
LLGL1	0	0	3	3
LMO7	0	0	3	3
LRG1	0	1	2	3
LZTS2	0	1	2	3
MAEL	0	3	0	3
MAFA	0	3	0	3
MAFB	0	3	0	3
MAGEA12	0	3	0	3
MAP2K5	0	3	0	3
MAP3K11	0	1	2	3
MAP3K20	0	1	2	3
MAP4K4	0	1	2	3
MAPRE1	0	2	1	3
MAT1A	0	1	2	3
MBTPS1	2	1	0	3
MCM3AP	0	3	0	3
MCPH1	0	0	3	3
MED1	0	2	1	3
MERTK	0	3	0	3
MGLL	0	1	2	3
MIA	0	1	2	3
MME	0	2	1	3
MMP16	0	3	0	3
MRPL58	0	3	0	3
MT1M	0	1	2	3
MUC16	0	2	1	3
MYBL1	1	2	0	3
NAMPT	0	3	0	3
NCAPG	0	3	0	3
NDN	0	0	3	3
NDST4	0	0	3	3
NEDD4	0	3	0	3
NEK2	2	1	0	3
NFAT5	0	0	3	3
NFKB2	1	1	1	3
NKD2	0	0	3	3
NKX2-3	0	2	1	3
NKX6-3	0	1	2	3
NME2	0	3	0	3
NNT	0	3	0	3
NOL7	0	0	3	3
NOTCH4	0	1	2	3
NOVA1	0	3	0	3
NOX5	1	1	1	3
NPC1	0	3	0	3
NPS	0	2	1	3
NPY	0	3	0	3
NR3C1	0	1	2	3
NR3C2	0	0	3	3
OGN	0	1	2	3
OLFM4	0	0	3	3
ORAI1	2	1	0	3
PADI2	0	3	0	3
PAEP	0	0	3	3
PAG1	0	1	2	3
PALB2	2	0	1	3
PARK7	0	3	0	3
PAX9	0	3	0	3
PCBP1	0	0	3	3
PCBP2	0	3	0	3
PCDH9	0	0	3	3
PCLAF	0	3	0	3
PDCD5	0	2	1	3
PDE10A	0	3	0	3
PDE4A	2	1	0	3
PDSS2	0	0	3	3
PHLDA1	0	0	3	3
PHLDA3	0	0	3	3
PHOX2B	3	0	0	3
PIAS4	1	1	1	3
PIK3CB	0	3	0	3
PIK3CD	0	3	0	3
PKD1	0	1	2	3
PLA2G16	0	2	1	3
PNP	0	3	0	3
PRDM5	0	1	2	3
PRKAR1A	0	2	1	3
PRKCA	0	2	1	3
PRKD1	0	3	0	3
PRMT1	0	2	1	3
PRMT6	0	2	1	3
PRSS8	0	0	3	3
PSAT1	0	3	0	3
PTH	0	3	0	3
PTP4A1	0	3	0	3
PTPN3	0	2	1	3
PTPRT	0	1	2	3
RAB1B	0	2	1	3
RAB27B	1	2	0	3
RAB37	0	0	3	3
RAB3A	0	2	1	3
RAB3IP	0	3	0	3
RAD51	1	1	1	3
RAD51AP1	2	1	0	3
RALB	3	0	0	3
RAP2B	0	3	0	3
RARB	0	0	3	3
RARRES3	0	0	3	3
RASGRP1	1	2	0	3
RASSF5	0	1	2	3
RBMY1A1	0	2	1	3
RBP4	1	1	1	3
REN	0	2	1	3
REST	0	3	0	3
RFX1	0	1	2	3
RGCC	0	3	0	3
RIN1	0	0	3	3
RPH3AL	0	0	3	3
RPL10	2	1	0	3
RPL5	0	1	2	3
RPRD1B	0	3	0	3
RPS6KB1	0	3	0	3
RREB1	1	2	0	3
RRM1	0	2	1	3
RTEL1	1	1	1	3
RTL1	2	1	0	3
RUVBL2	1	2	0	3
SAV1	0	0	3	3
SCARA3	0	0	3	3
SDHB	1	0	2	3
SEMA3C	2	1	0	3
SEMA5A	1	0	2	3
SESN2	0	2	1	3
SHC1	1	2	0	3
SHMT2	2	1	0	3
SIX1	0	3	0	3
SLC1A5	0	3	0	3
SLC35F2	0	3	0	3
SLC39A6	1	2	0	3
SLC6A7	0	3	0	3
SMURF1	0	3	0	3
SOD1	2	0	1	3
SOX12	0	3	0	3
SOX18	0	3	0	3
SPARCL1	0	0	3	3
SPINK1	1	2	0	3
SQLE	0	3	0	3
SRPK1	0	3	0	3
STEAP3	0	1	2	3
STK39	0	3	0	3
SUFU	0	0	3	3
SUN2	0	0	3	3
TAL2	0	3	0	3
TARDBP	0	3	0	3
TCF7	0	2	1	3
TDP2	0	3	0	3
TFE3	2	1	0	3
TFEB	1	2	0	3
TH	3	0	0	3
TIAM1	1	2	0	3
TLN1	0	2	1	3
TMED3	0	0	3	3
TMEM106A	0	0	3	3
TMPRSS2	0	3	0	3
TNC	1	2	0	3
TNFAIP8	0	2	1	3
TOP2A	1	2	0	3
TOX3	0	0	3	3
TRAF4	0	3	0	3
TRAP1	2	1	0	3
TRIM16	0	0	3	3
TRIM52	0	3	0	3
TRIM62	0	1	2	3
TRIP13	0	3	0	3
TRPM3	0	3	0	3
TRPV1	1	0	2	3
TSC2	1	1	1	3
TSPAN8	0	3	0	3
TSPYL2	0	1	2	3
TUSC1	0	0	3	3
TUSC2	0	0	3	3
TWIST2	0	1	2	3
U2AF1	0	3	0	3
UBIAD1	0	0	3	3
UFC1	0	3	0	3
UHRF2	0	1	2	3
UNC5B	0	1	2	3
UPK1A	0	0	3	3
USP10	0	1	2	3
USP13	1	2	0	3
USP21	0	3	0	3
USP6	0	3	0	3
USP7	0	3	0	3
VASP	0	3	0	3
VEGFC	0	3	0	3
VEGFD	0	3	0	3
VPS4A	0	0	3	3
WASF3	1	1	1	3
WBP2	0	3	0	3
XAF1	0	0	3	3
XPO4	0	0	3	3
YY1AP1	1	2	0	3
ZBP1	0	2	1	3
ZFX	0	3	0	3
ZMAT3	0	3	0	3
ZNF24	0	1	2	3
ZUP1	0	3	0	3
ZYG11A	0	3	0	3
ZYX	0	0	3	3
ABCB4	0	0	2	2
ABCG2	1	1	0	2
ABI1	0	1	1	2
ACKR3	0	2	0	2
ACSL6	0	0	2	2
ADA	0	2	0	2
ADAM10	1	1	0	2
ADAM9	0	2	0	2
ADAMTS18	0	0	2	2
ADGRB1	0	0	2	2
ADGRG1	0	1	1	2
ADM	1	1	0	2
AES	0	2	0	2
AFAP1L1	0	2	0	2
AFDN	0	2	0	2
AGAP2	0	2	0	2
AGER	0	2	0	2
AICDA	1	1	0	2
AIP	0	0	2	2
AKAP13	0	2	0	2
AKIP1	0	2	0	2
ALOX15B	0	0	2	2
ALOX5	0	2	0	2
AMOTL2	0	1	1	2
ANG	0	1	1	2
ANO1	1	0	1	2
ANOS1	0	0	2	2
ANP32A	0	0	2	2
ANTXR2	0	2	0	2
ANXA10	0	0	2	2
ANXA4	0	0	2	2
APC2	0	0	2	2
APP	0	2	0	2
ARC	0	1	1	2
ARCN1	2	0	0	2
ARG2	1	0	1	2
ARHGAP17	0	0	2	2
ARHGAP24	0	0	2	2
ARHGAP29	0	1	1	2
ARHGEF12	0	0	2	2
ARHGEF5	0	2	0	2
ARID5B	0	2	0	2
ARL2	0	2	0	2
ARPC5	0	2	0	2
ASS1	0	0	2	2
ASXL3	0	2	0	2
AURKC	0	2	0	2
AZIN1	0	2	0	2
B4GALT3	0	2	0	2
BAALC	0	2	0	2
BAK1	0	1	1	2
BATF2	0	0	2	2
BBS9	0	1	1	2
BCAR1	1	1	0	2
BCHE	0	2	0	2
BCL2L10	0	2	0	2
BCL2L14	0	2	0	2
BCL7A	0	0	2	2
BLID	0	0	2	2
BMP2	0	1	1	2
BMP7	0	2	0	2
BMPR2	0	2	0	2
BRD3	2	0	0	2
CABLES1	0	0	2	2
CACNA1A	0	0	2	2
CAD	0	1	1	2
CADM2	0	0	2	2
CADM3	0	0	2	2
CALML3	0	1	1	2
CAPG	0	2	0	2
CAPN1	0	0	2	2
CAPS	0	2	0	2
CAV2	0	1	1	2
CAVIN1	0	0	2	2
CBX2	0	2	0	2
CBX6	0	1	1	2
CBY1	0	0	2	2
CCAR2	0	0	2	2
CCK	0	2	0	2
CCKBR	1	0	1	2
CCL2	2	0	0	2
CCL21	0	2	0	2
CCNA1	0	2	0	2
CCNB2	0	2	0	2
CCNDBP1	0	0	2	2
CCNE2	0	2	0	2
CCR4	2	0	0	2
CCR5	0	1	1	2
CD33	0	2	0	2
CD38	1	1	0	2
CD46	0	2	0	2
CD63	0	0	2	2
CD82	0	0	2	2
CDC25B	0	2	0	2
CDC37	0	2	0	2
CDC40	0	2	0	2
CDC5L	1	1	0	2
CDCA5	0	2	0	2
CDCA7	0	2	0	2
CDCP1	0	2	0	2
CDH5	0	2	0	2
CDHR2	0	0	2	2
CDK11B	0	0	2	2
CDK2	1	1	0	2
CDK5RAP3	0	0	2	2
CDON	0	1	1	2
CDX1	0	0	2	2
CEACAM6	0	2	0	2
CEBPB	0	2	0	2
CELF1	1	0	1	2
CELF2	0	0	2	2
CEMIP	1	1	0	2
CENPK	0	2	0	2
CHRDL1	0	0	2	2
CHRM3	0	2	0	2
CIITA	0	2	0	2
CKAP2	0	2	0	2
CKAP5	0	2	0	2
CLDN11	0	0	2	2
CLDN23	0	0	2	2
CLDN6	0	0	2	2
CLEC4C	0	0	2	2
CLIC3	0	2	0	2
CMIP	0	2	0	2
CNN1	0	0	2	2
CNOT1	0	2	0	2
CNR1	0	0	2	2
CNTD2	1	1	0	2
CNTF	0	2	0	2
CNTN4	0	0	2	2
COL1A1	0	1	1	2
COL6A1	0	2	0	2
CPEB3	0	1	1	2
CPEB4	0	1	1	2
CPNE1	0	2	0	2
CRABP2	0	1	1	2
CRIP2	0	0	2	2
CRK	0	2	0	2
CRNN	0	0	2	2
CRTC2	0	0	2	2
CSMD2	0	0	2	2
CSNK1A1	0	0	2	2
CSTA	0	0	2	2
CT45A1	0	2	0	2
CTAG1A	0	2	0	2
CTSL	0	2	0	2
CTXND1	0	0	2	2
CUEDC2	0	0	2	2
CUL3	1	0	1	2
CUL5	0	0	2	2
CXCL11	0	1	1	2
CYP19A1	1	0	1	2
CYP24A1	0	2	0	2
CYP26A1	0	2	0	2
CYP3A5	0	0	2	2
DAPK2	0	0	2	2
DCDC2	1	0	1	2
DCX	0	1	1	2
DDX6	0	2	0	2
DEGS1	0	2	0	2
DES	0	2	0	2
DEUP1	0	0	2	2
DISC1	0	2	0	2
DKK2	0	0	2	2
DMTF1	0	0	2	2
DNAJA3	0	0	2	2
DNM1L	0	2	0	2
DOCK1	2	0	0	2
DPYSL3	1	1	0	2
DSC3	0	0	2	2
DSG2	0	2	0	2
DSG3	0	1	1	2
DSP	0	0	2	2
DUOX1	0	0	2	2
DUSP26	0	0	2	2
DUSP8	0	1	1	2
ECD	0	1	1	2
EDNRB	0	1	1	2
EEF2K	0	2	0	2
EGFL7	0	1	1	2
EGR3	0	1	1	2
EHD2	0	0	2	2
EHD3	0	0	2	2
EI24	0	0	2	2
EIF4B	0	2	0	2
ELAC2	0	0	2	2
ELMO3	0	2	0	2
ENPEP	1	0	1	2
ENPP2	0	1	1	2
EOMES	0	0	2	2
EPAS1	1	1	0	2
EPHA5	0	0	2	2
EPN3	0	2	0	2
ERCC2	0	1	1	2
EREG	0	2	0	2
ESCO2	0	0	2	2
ESRRB	1	0	1	2
ESRRG	0	0	2	2
ETV7	0	1	1	2
FAM83A	0	2	0	2
FBXO4	0	0	2	2
FBXO7	0	0	2	2
FGF1	0	2	0	2
FGF10	1	1	0	2
FGF9	1	1	0	2
FILIP1L	0	1	1	2
FKBP5	0	0	2	2
FLNA	1	0	1	2
FLRT2	0	0	2	2
FOXD1	0	2	0	2
FOXL2	0	0	2	2
FOXN2	0	0	2	2
FSTL3	0	2	0	2
FUT8	2	0	0	2
FZD2	1	1	0	2
GABARAP	0	0	2	2
GADD45B	0	2	0	2
GALNT1	1	1	0	2
GATAD2B	2	0	0	2
GBX2	0	2	0	2
GCA	0	2	0	2
GGNBP2	0	0	2	2
GIT1	0	2	0	2
GLO1	0	0	2	2
GNAO1	0	0	2	2
GNG7	0	0	2	2
GOPC	0	2	0	2
GPR161	0	0	2	2
GPR65	0	0	2	2
GPR87	0	2	0	2
GREM1	0	2	0	2
GRHL3	0	0	2	2
GSE1	0	2	0	2
GTF2B	0	0	2	2
GTF2I	0	2	0	2
HBP1	0	1	1	2
HCAR2	0	0	2	2
HDAC7	0	2	0	2
HEPACAM	0	0	2	2
HERC4	0	2	0	2
HES6	1	1	0	2
HEXIM1	0	0	2	2
HEY1	0	2	0	2
HIP1	0	2	0	2
HIPK1	1	1	0	2
HIST1H1D	0	1	1	2
HLA-C	0	2	0	2
HLX	0	0	2	2
HMOX1	0	2	0	2
HOXA4	0	1	1	2
HOXB3	1	0	1	2
HOXB5	0	2	0	2
HOXB9	0	1	1	2
HOXC13	0	2	0	2
HOXD9	0	2	0	2
HRC	0	1	1	2
HSP90B1	0	2	0	2
HSPG2	1	1	0	2
HYAL1	0	1	1	2
HYAL2	0	0	2	2
IBSP	0	2	0	2
ICOSLG	1	1	0	2
IFITM3	0	2	0	2
IGFBP1	0	0	2	2
IGFBP4	0	0	2	2
IGH	1	1	0	2
IGL	0	2	0	2
IHH	0	2	0	2
IKBKG	1	1	0	2
IKZF2	1	0	1	2
IKZF3	2	0	0	2
IL13	0	2	0	2
IL17RB	0	2	0	2
IL1RAPL1	1	0	1	2
IL2RG	0	2	0	2
IL32	0	0	2	2
IL33	0	0	2	2
ILF2	0	2	0	2
INHBA	0	0	2	2
INO80	0	2	0	2
INPP5J	0	0	2	2
IRF2	0	1	1	2
ISG15	0	1	1	2
IST1	0	2	0	2
ISX	0	2	0	2
ITGA7	0	0	2	2
ITGAM	1	1	0	2
ITGBL1	0	1	1	2
JAK1	2	0	0	2
JAM3	0	0	2	2
JARID2	0	1	1	2
KAT5	0	0	2	2
KAT8	1	1	0	2
KCNMA1	0	1	1	2
KIAA1324	0	0	2	2
KIF11	1	1	0	2
KIF18B	0	2	0	2
KIF20B	0	2	0	2
KLF14	0	1	1	2
KLK6	0	0	2	2
KNL1	0	2	0	2
KRT14	0	2	0	2
KRT7	0	1	1	2
L3MBTL4	0	0	2	2
LAMP3	0	2	0	2
LBH	0	0	2	2
LCK	1	1	0	2
LDHA	0	1	1	2
LDHB	0	1	1	2
LECT2	0	0	2	2
LEO1	0	2	0	2
LETM1	0	0	2	2
LGMN	0	2	0	2
LHX9	0	0	2	2
LIF	0	0	2	2
LIMD1	0	0	2	2
LIN9	2	0	0	2
LMCD1	0	2	0	2
LMTK3	0	2	0	2
LOXL2	1	1	0	2
LRIG2	0	1	1	2
LRIG3	0	0	2	2
LRP1	0	1	1	2
LSP1	1	0	1	2
LTBP2	0	2	0	2
LTO1	0	2	0	2
LUM	1	1	0	2
LYVE1	0	2	0	2
LZTFL1	0	0	2	2
LZTR1	1	0	1	2
MAGI3	0	1	1	2
MAP3K9	1	0	1	2
MAP4K1	0	0	2	2
MAPK4	0	1	1	2
MAPKAPK2	1	1	0	2
MAPT	0	2	0	2
MARCH7	0	2	0	2
MARCKS	0	1	1	2
MAVS	1	1	0	2
MCM10	0	2	0	2
MCRS1	0	2	0	2
MFGE8	2	0	0	2
MFN2	0	0	2	2
MGAT5	0	2	0	2
MIB2	0	0	2	2
MIER3	0	1	1	2
MLANA	0	2	0	2
MLXIP	1	1	0	2
MMP12	0	2	0	2
MMP13	0	2	0	2
MMP3	0	2	0	2
MPO	0	2	0	2
MPPED2	0	1	1	2
MRTFA	0	2	0	2
MSH6	0	1	1	2
MSMP	0	2	0	2
MST1	1	0	1	2
MT1H	0	0	2	2
MTBP	0	2	0	2
MTFP1	0	1	1	2
MUC5B	0	2	0	2
MYCT1	0	0	2	2
MYL6B	1	1	0	2
MYO18A	2	0	0	2
NBPF1	0	0	2	2
NCALD	0	2	0	2
NCAPG2	1	1	0	2
NCOR2	0	1	1	2
NDC80	1	1	0	2
NDRG3	0	1	1	2
NELFCD	1	1	0	2
NELFE	1	1	0	2
NETO2	0	2	0	2
NEUROD2	0	0	2	2
NGB	0	0	2	2
NIT2	0	2	0	2
NKX6-2	0	0	2	2
NLRP3	2	0	0	2
NMU	0	2	0	2
NOD1	0	0	2	2
NOS1AP	0	0	2	2
NOS2	0	2	0	2
NPRL2	0	0	2	2
NR2C2	0	1	1	2
NRARP	0	2	0	2
NRIP1	1	0	1	2
NSD1	0	2	0	2
NT5C1A	0	2	0	2
NTMT1	0	0	2	2
NUDT1	1	1	0	2
NUSAP1	1	1	0	2
NUTM1	0	2	0	2
OIP5	0	2	0	2
OPTN	1	0	1	2
ORAI3	0	2	0	2
OSCP1	0	0	2	2
OTUB1	0	2	0	2
OTUB2	1	1	0	2
OXCT2	0	1	1	2
P2RY2	0	2	0	2
P3H2	0	0	2	2
P4HB	0	2	0	2
PADI4	1	0	1	2
PAFAH1B1	0	1	1	2
PARD3	0	0	2	2
PARP1	0	1	1	2
PARP4	0	0	2	2
PARP9	0	1	1	2
PARVA	0	2	0	2
PAX1	0	0	2	2
PAX4	0	0	2	2
PCDH20	0	0	2	2
PCK1	0	0	2	2
PCM1	0	1	1	2
PDCD2	0	0	2	2
PDCD6	1	0	1	2
PDK4	0	0	2	2
PDLIM4	0	0	2	2
PDPN	0	2	0	2
PDS5B	0	2	0	2
PEA15	0	0	2	2
PEG3	0	0	2	2
PER3	0	1	1	2
PES1	0	2	0	2
PGF	1	1	0	2
PGK1	1	1	0	2
PGR	0	1	1	2
PHC3	0	0	2	2
PIAS1	0	0	2	2
PICALM	1	1	0	2
PIGT	0	2	0	2
PIWIL4	0	2	0	2
PKP1	0	0	2	2
PLA2R1	0	0	2	2
PLAT	2	0	0	2
PLAU	0	2	0	2
PLAUR	0	1	1	2
PLCD1	0	0	2	2
PLG	0	2	0	2
PLIN1	1	0	1	2
PLK3	0	0	2	2
PLK5	0	0	2	2
PLOD3	0	2	0	2
POLQ	0	0	2	2
POMC	0	1	1	2
PON3	0	2	0	2
POSTN	1	0	1	2
POU2F2	1	0	1	2
POU4F2	0	2	0	2
POU6F2	0	0	2	2
PPIA	0	2	0	2
PPP1R13B	0	0	2	2
PPP1R9B	0	0	2	2
PPP2R1B	0	0	2	2
PPP4C	0	2	0	2
PRAME	0	0	2	2
PRDX2	0	0	2	2
PREB	0	2	0	2
PRG3	1	1	0	2
PRLR	0	2	0	2
PRODH	0	1	1	2
PROS1	1	0	1	2
PRSS50	0	2	0	2
PSAP	0	1	1	2
PSMC3IP	0	1	1	2
PTCD3	0	2	0	2
PTGES	0	2	0	2
PTGR2	0	2	0	2
PTOV1	0	2	0	2
PTPN14	0	0	2	2
PTPN2	0	0	2	2
PTPRA	0	1	1	2
PTPRB	0	0	2	2
PTPRF	0	0	2	2
PTS	1	0	1	2
PYCARD	0	0	2	2
PYGO2	1	1	0	2
QRSL1	0	2	0	2
RAB18	0	1	1	2
RAB23	0	2	0	2
RAB2A	1	1	0	2
RAB3D	0	1	1	2
RAB5A	0	2	0	2
RABGEF1	0	2	0	2
RACGAP1	1	1	0	2
RAD17	0	0	2	2
RALGDS	0	2	0	2
RANBP9	0	1	1	2
RAP1B	0	2	0	2
RASGRF1	0	2	0	2
RASGRP2	0	2	0	2
RASL12	0	1	1	2
RB1CC1	1	0	1	2
RBBP8	0	0	2	2
RBCK1	2	0	0	2
RBM10	0	1	1	2
RBM8A	0	2	0	2
RBP1	0	0	2	2
RBP2	0	2	0	2
RCC1	0	0	2	2
RDH10	0	2	0	2
RDM1	0	2	0	2
RELN	1	1	0	2
RFC2	0	1	1	2
RFC5	0	2	0	2
RFX6	2	0	0	2
RGMB	0	2	0	2
RGR	0	2	0	2
RGS17	0	1	1	2
RHEB	0	2	0	2
RINT1	0	2	0	2
RIPK4	0	1	1	2
RNF111	0	0	2	2
RNF187	1	1	0	2
RPGRIP1L	0	0	2	2
RPL23	0	2	0	2
RPL39	0	2	0	2
RPS6KA3	1	1	0	2
RPS7	0	0	2	2
RRM2	0	2	0	2
RRM2B	0	2	0	2
RRS1	0	2	0	2
RSPO2	0	1	1	2
RYBP	0	1	1	2
S100A1	0	2	0	2
S1PR3	2	0	0	2
SALL1	0	0	2	2
SALL3	0	0	2	2
SAMD9	0	0	2	2
SBSN	0	2	0	2
SCARA5	0	0	2	2
SCD	0	1	1	2
SCGB3A1	0	0	2	2
SCUBE2	0	0	2	2
SEC63	0	0	2	2
SEL1L	0	0	2	2
SEM1	0	0	2	2
SEMA3D	0	0	2	2
SEMA4D	1	1	0	2
SEMA6D	0	2	0	2
SENP1	1	1	0	2
SERPINE1	0	1	1	2
SETD1B	0	2	0	2
SF3B4	1	1	0	2
SFPQ	0	2	0	2
SFRP4	0	0	2	2
SH3GLB1	0	1	1	2
SHPRH	0	0	2	2
SIAH1	0	0	2	2
SIN3A	0	1	1	2
SLC12A5	0	2	0	2
SLC17A7	0	0	2	2
SLC9A1	1	0	1	2
SLCO1B3	2	0	0	2
SLURP1	0	1	1	2
SMC1A	0	2	0	2
SMG1	0	0	2	2
SMOC2	0	0	2	2
SMPD3	0	0	2	2
SMTNL1	2	0	0	2
SMUG1	1	1	0	2
SNX1	0	1	1	2
SNX10	0	0	2	2
SOS1	0	2	0	2
SOX30	0	0	2	2
SP7	0	0	2	2
SPAAR	0	0	2	2
SPHK2	0	2	0	2
SPINK7	0	0	2	2
SPON2	0	2	0	2
SRI	1	1	0	2
SRSF2	1	1	0	2
SRSF3	0	2	0	2
SRSF5	0	2	0	2
SRSF6	0	2	0	2
SRXN1	0	2	0	2
SSTR2	0	0	2	2
ST13	0	0	2	2
ST7	0	0	2	2
STARD8	0	0	2	2
STAT5B	2	0	0	2
STAT6	0	2	0	2
STC1	0	2	0	2
STC2	0	2	0	2
STK17B	0	0	2	2
STK24	0	2	0	2
SUV39H2	0	2	0	2
SYCP3	0	2	0	2
SYNM	1	0	1	2
TACR1	1	0	1	2
TAF12	0	2	0	2
TAF9	0	1	1	2
TAGLN	0	1	1	2
TBC1D24	0	2	0	2
TBL1XR1	0	1	1	2
TBRG1	0	0	2	2
TCN1	0	2	0	2
TCP10L	0	0	2	2
TELO2	0	2	0	2
TFAP2B	0	1	1	2
TFDP1	0	0	2	2
TFF2	0	0	2	2
TFRC	0	2	0	2
TGFBR1	1	1	0	2
TGFBR3	0	1	1	2
TGIF2LX	0	0	2	2
THPO	0	2	0	2
TIA1	0	1	1	2
TIGAR	0	2	0	2
TIMELESS	0	2	0	2
TJP1	0	1	1	2
TLR1	2	0	0	2
TM9SF2	0	2	0	2
TMED2	0	2	0	2
TMEFF2	0	0	2	2
TMEM100	0	0	2	2
TMEM106B	1	1	0	2
TMEM158	0	2	0	2
TMEM207	0	1	1	2
TMEM45A	0	2	0	2
TMEM45B	0	2	0	2
TMEM74	0	2	0	2
TMEM8B	0	0	2	2
TMPRSS11A	0	0	2	2
TNFAIP1	0	0	2	2
TNFAIP8L3	0	2	0	2
TNFRSF10B	0	1	1	2
TNFRSF11B	1	1	0	2
TNFRSF12A	1	0	1	2
TNFRSF13B	1	1	0	2
TOM1L1	0	2	0	2
TONSL	0	2	0	2
TOP3A	0	2	0	2
TOX	1	1	0	2
TPM3	0	2	0	2
TPPP3	0	2	0	2
TRADD	0	2	0	2
TREH	0	2	0	2
TRIM13	0	0	2	2
TRIM37	0	2	0	2
TRIM47	0	2	0	2
TRIM58	1	0	1	2
TRIM65	0	2	0	2
TRIM66	0	2	0	2
TSPAN1	0	2	0	2
TSPO	0	2	0	2
TTBK2	0	2	0	2
TTK	1	1	0	2
TXNDC9	0	2	0	2
TYK2	0	2	0	2
UBE2Q1	0	2	0	2
UBE2QL1	0	0	2	2
UBE4B	0	2	0	2
UFL1	0	1	1	2
UPF1	0	0	2	2
URGCP	0	2	0	2
UROD	0	1	1	2
USP28	0	1	1	2
USP33	0	0	2	2
USP37	0	1	1	2
USP5	0	2	0	2
USP54	0	2	0	2
VANGL2	0	0	2	2
VASH2	1	1	0	2
VENTX	0	0	2	2
VOPP1	0	2	0	2
WASL	0	2	0	2
WDR11	0	0	2	2
WDR54	0	2	0	2
WEE1	0	2	0	2
WIPF1	0	2	0	2
WNK2	0	0	2	2
WNT2	0	2	0	2
WNT2B	0	2	0	2
WNT6	0	2	0	2
WNT7B	0	2	0	2
WWTR1	0	2	0	2
XPC	0	0	2	2
XRCC1	0	0	2	2
XRCC5	1	0	1	2
YPEL3	0	0	2	2
YTHDF2	0	2	0	2
ZBTB2	0	2	0	2
ZCCHC13	0	2	0	2
ZDHHC5	1	1	0	2
ZFP36L1	0	0	2	2
ZIC5	1	1	0	2
ZMIZ1	0	2	0	2
ZNF280A	0	1	1	2
ZNF322	0	2	0	2
ZNF366	0	0	2	2
ZNF423	0	2	0	2
ZNF521	0	2	0	2
ZNF667	0	2	0	2
ZNF668	0	0	2	2
ZNRF3	0	1	1	2
ABCC4	0	1	0	1
ABCG1	0	1	0	1
ABLIM1	0	0	1	1
ACADL	0	0	1	1
ACHE	0	0	1	1
ACIN1	0	1	0	1
ACLY	0	1	0	1
ACOD1	0	1	0	1
ACOT7	0	0	1	1
ACP1	0	1	0	1
ACRBP	0	1	0	1
ACSL5	0	0	1	1
ACSM3	0	0	1	1
ACTA1	0	0	1	1
ACTG1	0	1	0	1
ACTN4	0	1	0	1
ACVR1	1	0	0	1
ACVR1C	0	0	1	1
ADAM11	0	0	1	1
ADAM19	0	0	1	1
ADAM23	0	0	1	1
ADAM33	0	0	1	1
ADAMTS12	0	0	1	1
ADAMTS16	0	0	1	1
ADAMTS8	0	0	1	1
ADARB2	0	0	1	1
ADAT2	0	0	1	1
ADCY9	0	1	0	1
ADD2	0	1	0	1
ADGB	0	1	0	1
ADGRA3	0	1	0	1
ADGRG4	1	0	0	1
ADGRL1	1	0	0	1
ADGRL4	0	1	0	1
ADH5	0	0	1	1
ADHFE1	0	1	0	1
ADI1	0	0	1	1
ADORA1	0	0	1	1
ADPRH	0	0	1	1
AEBP1	0	1	0	1
AFAP1L2	0	1	0	1
AFF3	0	1	0	1
AGFG1	0	0	1	1
AGO1	0	1	0	1
AGO2	0	1	0	1
AGPS	0	1	0	1
AGTR1	0	0	1	1
AGTR2	0	0	1	1
AHNAK2	0	1	0	1
AIF1	0	0	1	1
AIRE	0	1	0	1
AK4	1	0	0	1
AKR1C1	1	0	0	1
AKR7A3	0	0	1	1
ALCAM	0	1	0	1
ALG1	0	1	0	1
ALG2	0	0	1	1
ALKBH3	0	0	1	1
ALLC	1	0	0	1
ALX4	0	0	1	1
ALYREF	0	1	0	1
AMBN	0	0	1	1
AMFR	0	0	1	1
AMH	0	0	1	1
ANAPC11	0	1	0	1
ANGPT1	0	0	1	1
ANGPTL1	0	0	1	1
ANKDD1A	0	0	1	1
ANKH	0	1	0	1
ANKHD1	0	1	0	1
ANKRD11	0	0	1	1
ANKRD18A	0	1	0	1
ANKRD22	0	1	0	1
ANKRD36B	0	0	1	1
ANKRD40CL	0	1	0	1
ANKRD49	0	1	0	1
ANP32B	0	1	0	1
ANP32D	0	1	0	1
ANPEP	0	1	0	1
ANXA11	0	1	0	1
ANXA3	0	1	0	1
ANXA9	0	0	1	1
APBA1	0	0	1	1
APOA1	0	1	0	1
APOA2	0	1	0	1
APOB	0	1	0	1
APOC2	0	0	1	1
AQP5	0	1	0	1
AQP7	0	1	0	1
ARAP3	0	1	0	1
ARF6	0	1	0	1
ARG1	0	1	0	1
ARHGAP15	0	0	1	1
ARHGAP18	0	1	0	1
ARHGAP30	0	0	1	1
ARHGAP9	0	0	1	1
ARHGDIB	0	1	0	1
ARHGEF11	0	1	0	1
ARHGEF39	0	1	0	1
ARHGEF4	0	1	0	1
ARID3A	0	1	0	1
ARID3B	0	1	0	1
ARL11	0	0	1	1
ARL6IP5	0	0	1	1
ARNT2	0	0	1	1
ARNTL2	1	0	0	1
ARPC1A	0	1	0	1
ARPC2	0	1	0	1
ARSB	0	0	1	1
ASAH1	0	1	0	1
ASAP1	0	1	0	1
ASF1A	0	1	0	1
ASPM	1	0	0	1
ASXL2	0	0	1	1
ATE1	1	0	0	1
ATF5	0	1	0	1
ATF7	0	0	1	1
ATG2B	1	0	0	1
ATG4B	0	1	0	1
ATG5	0	0	1	1
ATG7	1	0	0	1
ATOH8	0	1	0	1
ATP1B3	0	1	0	1
ATP2B2	1	0	0	1
ATR	0	1	0	1
ATXN2	1	0	0	1
AVP	0	1	0	1
B3GAT1	0	0	1	1
B3GAT3	0	1	0	1
B3GNT3	0	1	0	1
B3GNT9	1	0	0	1
B4GALNT3	0	0	1	1
B9D1	0	0	1	1
BABAM2	0	0	1	1
BANK1	0	0	1	1
BARX2	0	0	1	1
BATF	0	1	0	1
BAZ2A	0	1	0	1
BCAM	0	0	1	1
BCAN	0	1	0	1
BCAS1	0	1	0	1
BCCIP	0	1	0	1
BCKDHB	0	0	1	1
BCL2L12	0	1	0	1
BCO2	0	0	1	1
BCOR	0	1	0	1
BCS1L	1	0	0	1
BHLHA15	0	0	1	1
BHLHE22	0	1	0	1
BHLHE40	0	0	1	1
BIRC6	0	1	0	1
BLM	0	1	0	1
BMF	0	0	1	1
BMP6	0	0	1	1
BMPR1A	0	0	1	1
BMX	0	1	0	1
BNC1	0	0	1	1
BOK	0	0	1	1
BOLL	0	1	0	1
BORCS5	0	0	1	1
BPI	0	1	0	1
BPIFA1	0	1	0	1
BPIFB1	0	0	1	1
BRCC3	0	1	0	1
BRD9	0	1	0	1
BRINP3	0	0	1	1
BRMS1	0	0	1	1
BRMS1L	0	1	0	1
BRSK1	0	0	1	1
BTBD7	0	1	0	1
BTG4	0	0	1	1
BUB1	0	1	0	1
BUB1B	0	0	1	1
BZW2	0	1	0	1
C10ORF143	0	0	1	1
C10ORF90	0	1	0	1
C1GALT1	0	1	0	1
C1QTNF8	0	1	0	1
C1ORF87	0	1	0	1
C3ORF52	0	0	1	1
C4ORF3	1	0	0	1
C8ORF76	0	1	0	1
C9ORF3	0	0	1	1
CA1	0	1	0	1
CA10	0	1	0	1
CA8	0	1	0	1
CAB39L	0	0	1	1
CABYR	0	1	0	1
CALCOCO2	1	0	0	1
CAP1	0	1	0	1
CAPN2	0	1	0	1
CAPN6	0	0	1	1
CAPN9	0	0	1	1
CARD8	0	0	1	1
CARS	1	0	0	1
CASP1	0	0	1	1
CASP9	0	1	0	1
CAST	0	1	0	1
CAVIN3	0	1	0	1
CBFA2T2	0	0	1	1
CBFB	0	1	0	1
CBX1	0	1	0	1
CBX3	0	1	0	1
CBX5	0	1	0	1
CCAR1	0	1	0	1
CCDC136	0	0	1	1
CCDC170	1	0	0	1
CCDC54	0	1	0	1
CCDC88A	0	1	0	1
CCL20	0	1	0	1
CCL3	1	0	0	1
CCL8	1	0	0	1
CCNA2	1	0	0	1
CCNB1	0	1	0	1
CCNF	0	0	1	1
CCNK	0	1	0	1
CCPG1	0	1	0	1
CCR6	1	0	0	1
CCR9	0	1	0	1
CCRL2	0	0	1	1
CCS	1	0	0	1
CCT8	0	1	0	1
CD163	0	1	0	1
CD164	0	0	1	1
CD1A	0	1	0	1
CD1D	0	0	1	1
CD276	0	1	0	1
CD47	1	0	0	1
CD5	0	0	1	1
CD55	0	1	0	1
CD58	0	0	1	1
CD68	1	0	0	1
CD81	0	0	1	1
CD86	1	0	0	1
CD93	0	1	0	1
CD96	0	0	1	1
CDC27	1	0	0	1
CDC45	0	1	0	1
CDH6	0	0	1	1
CDK19	0	1	0	1
CDK5R1	0	0	1	1
CDKL1	0	1	0	1
CDO1	0	0	1	1
CDV3	0	1	0	1
CEACAM19	0	1	0	1
CEBPE	0	1	0	1
CEND1	1	0	0	1
CENPI	0	1	0	1
CEP72	0	1	0	1
CEP78	0	0	1	1
CFH	0	1	0	1
CFLAR	0	1	0	1
CHAF1A	0	1	0	1
CHD7	1	0	0	1
CHD9	0	0	1	1
CHERP	0	1	0	1
CHIC2	1	0	0	1
CHKA	0	1	0	1
CHMP4B	0	1	0	1
CHORDC1	1	0	0	1
CHRDL2	0	1	0	1
CIAO2A	0	0	1	1
CIDEB	0	1	0	1
CIRBP	0	1	0	1
CISH	0	1	0	1
CITED2	0	0	1	1
CKS2	0	1	0	1
CLCN3	0	1	0	1
CLCN4	1	0	0	1
CLDN4	0	1	0	1
CLEC18B	0	1	0	1
CLEC1B	0	1	0	1
CLEC4M	0	1	0	1
CLIC1	0	1	0	1
CLK1	0	1	0	1
CLPTM1L	0	1	0	1
CNKSR1	0	1	0	1
CNMD	0	0	1	1
CNOT7	0	0	1	1
CNPY2	0	1	0	1
CNR2	0	1	0	1
CNTN2	0	0	1	1
CNTN3	1	0	0	1
CNTRL	1	0	0	1
COL1A2	0	0	1	1
COL2A1	1	0	0	1
COL3A1	0	1	0	1
COLQ	0	1	0	1
COMMD10	0	0	1	1
COPA	0	1	0	1
COPZ1	0	1	0	1
COTL1	0	1	0	1
COX2	0	1	0	1
COX4I1	0	1	0	1
CPE	0	1	0	1
CPED1	0	0	1	1
CPM	1	0	0	1
CPNE3	0	1	0	1
CPPED1	0	0	1	1
CPSF4	0	1	0	1
CPT1A	1	0	0	1
CR1	0	0	1	1
CRABP1	0	0	1	1
CRCT1	0	0	1	1
CREB3L1	0	0	1	1
CRH	0	1	0	1
CRMP1	0	0	1	1
CSDE1	0	1	0	1
CSN3	0	1	0	1
CSNK2A1	0	1	0	1
CSPP1	0	1	0	1
CSRP1	0	0	1	1
CST1	0	1	0	1
CST3	0	1	0	1
CSTB	0	1	0	1
CTNNA1	0	0	1	1
CTNNA3	0	0	1	1
CTNNBIP1	1	0	0	1
CTSA	0	1	0	1
CTSB	0	1	0	1
CTSD	0	1	0	1
CTSH	0	1	0	1
CTSZ	0	1	0	1
CUL2	0	1	0	1
CUX2	0	1	0	1
CWC27	0	1	0	1
CXCL17	0	1	0	1
CXCL3	0	1	0	1
CXCR1	0	1	0	1
CXCR2	0	1	0	1
CXCR3	1	0	0	1
CXXC1	0	1	0	1
CXXC5	0	1	0	1
CYB5R2	0	0	1	1
CYP1A1	0	1	0	1
CYP1B1	1	0	0	1
CYP2D6	0	0	1	1
CYP2E1	0	0	1	1
CYP3A4	0	0	1	1
CYP4V2	0	1	0	1
CYSLTR2	0	1	0	1
D2HGDH	1	0	0	1
DAAM1	0	1	0	1
DAB1	0	0	1	1
DAPK3	0	0	1	1
DARS	0	1	0	1
DARS2	0	1	0	1
DAXX	0	1	0	1
DAZAP1	0	1	0	1
DBN1	0	1	0	1
DBX2	0	1	0	1
DCAF6	0	0	1	1
DCLK1	0	0	1	1
DCLK3	0	1	0	1
DDB1	0	1	0	1
DDHD2	0	1	0	1
DDRGK1	0	0	1	1
DDT	0	1	0	1
DDX10	0	1	0	1
DDX23	0	1	0	1
DDX27	0	1	0	1
DEFA6	0	1	0	1
DEFB4A	0	1	0	1
DEPDC1	0	1	0	1
DESI2	1	0	0	1
DFFA	0	1	0	1
DGCR8	0	1	0	1
DGKB	0	1	0	1
DGKG	0	0	1	1
DGKZ	0	1	0	1
DHH	0	1	0	1
DHRS7	0	0	1	1
DHX15	0	0	1	1
DIDO1	0	0	1	1
DIMT1	0	1	0	1
DIRAS2	0	0	1	1
DLG5	0	0	1	1
DLST	1	0	0	1
DLX1	0	1	0	1
DMGDH	0	1	0	1
DMKN	0	1	0	1
DMTN	0	0	1	1
DNAH5	0	1	0	1
DNAJC11	0	0	1	1
DNAJC2	0	0	1	1
DNAJC25	0	0	1	1
DNALI1	0	0	1	1
DND1	0	0	1	1
DNM2	0	1	0	1
DNTTIP1	0	1	0	1
DOC2A	0	0	1	1
DOK6	0	1	0	1
DPH3	0	0	1	1
DPPA4	0	1	0	1
DRAM2	0	1	0	1
DRD1	0	0	1	1
DROSHA	0	0	1	1
DSC2	0	0	1	1
DSCAM	0	1	0	1
DSCC1	0	1	0	1
DSN1	1	0	0	1
DST	1	0	0	1
DTNB	0	0	1	1
DTWD1	0	0	1	1
DTX3L	0	0	1	1
DTYMK	0	1	0	1
DUSP2	0	0	1	1
DYNC1I1	0	1	0	1
DYRK2	0	0	1	1
E2F4	0	1	0	1
EBP	0	0	1	1
EDA2R	0	0	1	1
EDAR	0	0	1	1
EDIL3	1	0	0	1
EED	0	0	1	1
EEF1A1	0	1	0	1
EEF1AKNMT	0	0	1	1
EEF1D	0	1	0	1
EEF1E1	0	0	1	1
EFEMP2	0	1	0	1
EFNA3	0	0	1	1
EFS	0	0	1	1
EGR4	0	1	0	1
EHMT1	0	0	1	1
EIF3A	0	1	0	1
EIF3C	0	1	0	1
EIF3F	0	0	1	1
EIF3H	0	1	0	1
EIF3I	0	1	0	1
EIF4G1	0	1	0	1
ELAVL4	0	1	0	1
ELFN2	0	1	0	1
ELK1	0	1	0	1
ELK4	0	1	0	1
ELL2	0	1	0	1
ELN	1	0	0	1
ELOVL6	0	1	0	1
EMP1	0	0	1	1
ENG	1	0	0	1
ENSA	0	1	0	1
EPB41L1	0	0	1	1
EPC1	0	1	0	1
EPC2	0	1	0	1
EPHA1	0	0	1	1
EPHA4	0	0	1	1
EPHA8	0	1	0	1
EPHB1	0	0	1	1
EPHX2	0	0	1	1
ERBIN	0	0	1	1
ERCC1	0	1	0	1
ERCC6	0	0	1	1
ERCC6L	0	1	0	1
ERCC8	0	1	0	1
ERLIN2	0	1	0	1
ERN1	0	1	0	1
ERO1A	0	1	0	1
ERV3-1	0	0	1	1
ESPN	0	1	0	1
ESRP2	0	1	0	1
ESRRA	0	1	0	1
ETF1	0	0	1	1
ETV3	0	0	1	1
ETV5	0	1	0	1
EVI5	0	1	0	1
EXD3	0	1	0	1
EXOC7	0	1	0	1
EXOSC1	0	0	1	1
EXOSC4	0	1	0	1
EXTL3	0	0	1	1
F3	1	0	0	1
F7	1	0	0	1
FABP1	0	0	1	1
FABP5	1	0	0	1
FABP7	0	0	1	1
FADD	0	1	0	1
FAF1	0	0	1	1
FAM129B	0	1	0	1
FAM3C	0	1	0	1
FAM83F	0	1	0	1
FAM84B	0	1	0	1
FANCA	0	1	0	1
FANCD2	1	0	0	1
FBLN5	0	0	1	1
FBN2	1	0	0	1
FBXL18	0	1	0	1
FBXL5	0	1	0	1
FBXL7	0	0	1	1
FBXO16	0	0	1	1
FBXO28	0	1	0	1
FBXO8	0	0	1	1
FBXO9	0	1	0	1
FBXW12	0	0	1	1
FBXW2	0	0	1	1
FBXW4	0	0	1	1
FBXW5	0	1	0	1
FDPS	0	1	0	1
FECH	0	0	1	1
FER	0	1	0	1
FERMT1	0	1	0	1
FEZF2	0	0	1	1
FGF13	1	0	0	1
FGF23	0	1	0	1
FGL1	0	0	1	1
FGL2	0	1	0	1
FIGN	1	0	0	1
FKBP14	0	1	0	1
FKBP2	0	1	0	1
FLNC	0	0	1	1
FLVCR2	0	1	0	1
FMN2	0	1	0	1
FMNL2	0	1	0	1
FMNL3	0	1	0	1
FMO2	0	0	1	1
FNDC1	0	1	0	1
FNIP1	0	0	1	1
FNIP2	0	0	1	1
FOXE1	0	0	1	1
FOXJ1	0	0	1	1
FOXL1	0	0	1	1
FOXN1	0	0	1	1
FPR1	0	1	0	1
FPR2	0	1	0	1
FRMD6	0	0	1	1
FSHR	0	1	0	1
FSIP1	0	1	0	1
FST	0	1	0	1
FTH1	0	1	0	1
FZD1	0	1	0	1
FZD10	0	1	0	1
FZD6	1	0	0	1
FZD7	0	1	0	1
FZD8	0	1	0	1
G0S2	0	0	1	1
G3BP1	0	1	0	1
GAB1	0	1	0	1
GABARAPL1	0	0	1	1
GABPA	0	0	1	1
GABRQ	0	1	0	1
GAD1	0	1	0	1
GALNT3	0	1	0	1
GALNT7	0	1	0	1
GART	0	1	0	1
GATAD1	0	1	0	1
GBA	0	1	0	1
GCNT3	1	0	0	1
GCNT4	0	1	0	1
GDF6	0	1	0	1
GDI2	0	0	1	1
GDNF	0	1	0	1
GEN1	0	0	1	1
GGA1	0	1	0	1
GGH	0	0	1	1
GGT1	0	1	0	1
GID8	0	1	0	1
GINS2	0	1	0	1
GIP	0	1	0	1
GIPC1	0	0	1	1
GJA3	0	1	0	1
GJB3	0	0	1	1
GKN2	0	0	1	1
GLA	0	1	0	1
GLCE	0	1	0	1
GLUL	0	1	0	1
GMDS	1	0	0	1
GMPR	1	0	0	1
GMPS	0	1	0	1
GNA13	0	1	0	1
GNA14	0	1	0	1
GNG11	0	0	1	1
GNL3	0	1	0	1
GNPAT	0	1	0	1
GNPTAB	0	1	0	1
GNRHR	0	0	1	1
GOLGA2	0	0	1	1
GOLIM4	0	1	0	1
GORAB	0	0	1	1
GOT1	0	1	0	1
GOT2	0	1	0	1
GPC1	0	1	0	1
GPD1	0	0	1	1
GPI	0	1	0	1
GPLD1	1	0	0	1
GPR155	0	0	1	1
GPR35	0	1	0	1
GPR68	0	0	1	1
GPS1	0	0	1	1
GPT2	1	0	0	1
GPX2	0	1	0	1
GRINA	0	1	0	1
GRK3	0	0	1	1
GRM3	0	1	0	1
GSDMA	0	0	1	1
GSK3A	0	1	0	1
GSK3B	0	1	0	1
GSS	0	1	0	1
GSX2	0	0	1	1
GTF2IRD1	1	0	0	1
GTSE1	0	1	0	1
GXYLT2	0	0	1	1
GYS2	0	0	1	1
H2AFY2	0	0	1	1
HADHB	0	0	1	1
HAND2	1	0	0	1
HAT1	0	1	0	1
HAUS3	0	1	0	1
HAVCR2	0	1	0	1
HBB	0	1	0	1
HCFC1	0	0	1	1
HCFC1R1	0	1	0	1
HCK	0	1	0	1
HDAC11	0	0	1	1
HDAC5	0	0	1	1
HDGFL2	0	1	0	1
HECA	0	0	1	1
HES3	0	0	1	1
HEXA	0	0	1	1
HEY2	0	1	0	1
HGD	0	0	1	1
HGS	0	1	0	1
HHATL	0	0	1	1
HHEX	0	1	0	1
HHIP	0	1	0	1
HIF1AN	0	0	1	1
HINT2	0	0	1	1
HIPK2	0	0	1	1
HJURP	0	1	0	1
HK3	1	0	0	1
HLA-B	0	1	0	1
HLA-F	0	1	0	1
HLA-G	0	1	0	1
HLTF	0	0	1	1
HMGCS2	0	1	0	1
HMGN2	0	1	0	1
HNF4G	0	1	0	1
HNRNPD	0	1	0	1
HNRNPL	0	1	0	1
HOMER1	0	1	0	1
HORMAD1	0	1	0	1
HOXB1	0	0	1	1
HOXB7	0	1	0	1
HOXC12	0	0	1	1
HOXC5	0	0	1	1
HOXC9	0	1	0	1
HOXD8	0	0	1	1
HPN	0	1	0	1
HRASLS	0	0	1	1
HSD11B1	0	1	0	1
HSD17B13	0	0	1	1
HSD17B4	0	0	1	1
HSF2	0	0	1	1
HSP90AB1	0	1	0	1
HSPA2	0	1	0	1
HSPA5	0	0	1	1
HSPB7	0	0	1	1
HTRA2	0	1	0	1
HUS1	0	1	0	1
ICK	0	1	0	1
IDNK	0	0	1	1
IDS	1	0	0	1
IER3	0	0	1	1
IFI16	0	0	1	1
IFI30	0	0	1	1
IFI44L	0	0	1	1
IFI6	0	1	0	1
IFIT2	0	0	1	1
IFIT3	0	0	1	1
IFNAR1	0	0	1	1
IFNB1	0	1	0	1
IFNGR1	0	0	1	1
IGF2BP2	0	0	1	1
IK	0	0	1	1
IKZF5	0	1	0	1
IL12B	0	1	0	1
IL23A	1	0	0	1
IL27	0	1	0	1
IL27RA	0	0	1	1
IL31	0	1	0	1
IL37	0	0	1	1
IL4	0	1	0	1
IL6ST	0	0	1	1
IL7	1	0	0	1
ILKAP	0	1	0	1
IMPDH2	0	1	0	1
INCA1	1	0	0	1
ING2	0	0	1	1
INO80C	0	0	1	1
INPP4A	0	0	1	1
INS-IGF2	0	1	0	1
INSYN2B	0	1	0	1
IQGAP3	0	1	0	1
IQUB	0	1	0	1
IRAK2	0	1	0	1
IRF7	0	1	0	1
IRS1	0	1	0	1
IRS4	0	1	0	1
IRX4	0	0	1	1
ISG20	0	1	0	1
ITGA2	0	1	0	1
ITGA3	0	1	0	1
ITGB4	0	1	0	1
ITK	1	0	0	1
ITLN1	0	0	1	1
ITM2A	0	0	1	1
ITM2B	0	1	0	1
ITPKA	0	1	0	1
ITPKB	0	0	1	1
ITPRID2	0	1	0	1
JAG1	0	1	0	1
JMJD6	0	1	0	1
JPH3	0	0	1	1
JUND	0	1	0	1
JUP	0	0	1	1
KAT2A	0	1	0	1
KAT6B	0	0	1	1
KAT7	0	1	0	1
KBTBD11	0	0	1	1
KCNA10	1	0	0	1
KCNA3	0	0	1	1
KCNH2	0	1	0	1
KCNJ11	0	1	0	1
KCNJ2	0	1	0	1
KCNJ3	0	1	0	1
KCNK9	0	1	0	1
KCNN2	0	1	0	1
KCNT1	0	1	0	1
KCTD21	0	0	1	1
KDM5D	0	0	1	1
KHDRBS1	0	1	0	1
KHK	1	0	0	1
KHSRP	0	1	0	1
KIAA0100	0	0	1	1
KIAA1549	0	1	0	1
KIF1B	0	1	0	1
KIF23	0	1	0	1
KIF5A	1	0	0	1
KIFC1	0	1	0	1
KIRREL1	0	1	0	1
KLF7	0	1	0	1
KLLN	0	0	1	1
KLRK1	0	1	0	1
KPNA4	0	1	0	1
KRT13	0	0	1	1
KRT17	0	1	0	1
KRT18	0	0	1	1
KRT5	1	0	0	1
KRT6A	0	1	0	1
LACRT	0	1	0	1
LACTB	0	0	1	1
LAMC2	0	0	1	1
LANCL1	0	1	0	1
LARP1	0	1	0	1
LARS2	0	1	0	1
LCOR	0	0	1	1
LDB1	0	0	1	1
LDLR	0	1	0	1
LDLRAP1	0	0	1	1
LEF1	0	1	0	1
LEFTY2	0	0	1	1
LGALS1	0	1	0	1
LGALS4	1	0	0	1
LGALSL	0	1	0	1
LHX3	0	1	0	1
LHX4	0	1	0	1
LHX8	0	1	0	1
LILRB2	1	0	0	1
LIMK1	0	1	0	1
LIMK2	0	1	0	1
LITAF	0	0	1	1
LMBR1	0	1	0	1
LMNB1	0	0	1	1
LMX1A	0	0	1	1
LMX1B	0	1	0	1
LNX2	0	1	0	1
LOXL1	0	0	1	1
LOXL4	0	1	0	1
LPAR3	1	0	0	1
LPAR6	0	1	0	1
LPCAT2	1	0	0	1
LPL	0	0	1	1
LRP6	0	1	0	1
LRRC1	0	1	0	1
LRRK2	0	1	0	1
LSR	1	0	0	1
LYPD4	0	1	0	1
MACROD1	0	1	0	1
MAD2L1	0	1	0	1
MAD2L2	0	0	1	1
MADD	1	0	0	1
MAFF	0	1	0	1
MAGEC2	0	1	0	1
MAL2	0	1	0	1
MAN1C1	0	0	1	1
MAP2	0	0	1	1
MAP2K3	0	0	1	1
MAP3K13	0	1	0	1
MAP3K2	0	0	1	1
MAP3K21	1	0	0	1
MAP3K6	0	1	0	1
MAP4K3	0	0	1	1
MAP9	0	1	0	1
MAPK13	0	0	1	1
MAPK3	0	1	0	1
MAPK8IP3	0	1	0	1
MAPKAP1	1	0	0	1
MAPKAPK3	0	1	0	1
MAPKAPK5	0	1	0	1
MARCH5	0	1	0	1
MARS	0	1	0	1
MARVELD1	0	0	1	1
MARVELD2	0	1	0	1
MAS1	0	1	0	1
MAST1	0	1	0	1
MAT2A	0	1	0	1
MBD1	0	0	1	1
MBD2	0	0	1	1
MBD3	0	1	0	1
MBL2	1	0	0	1
MBNL2	0	0	1	1
MBNL3	0	1	0	1
MCM2	0	1	0	1
MCM3	0	1	0	1
MCM4	1	0	0	1
MCUB	0	1	0	1
MED23	0	1	0	1
MED29	0	1	0	1
MEF2A	0	0	1	1
MEF2B	0	1	0	1
MEGF10	0	0	1	1
MEIOB	0	1	0	1
MEIS2	1	0	0	1
MEP1A	0	1	0	1
METTL7A	0	0	1	1
MFHAS1	0	1	0	1
MFSD2A	0	0	1	1
MFSD4A	0	0	1	1
MGA	0	0	1	1
MGAT3	0	1	0	1
MIA2	0	0	1	1
MICA	0	1	0	1
MICAL2	0	1	0	1
MINDY3	0	0	1	1
MKLN1	1	0	0	1
MKNK2	0	1	0	1
MLF1	0	1	0	1
MMP1	0	1	0	1
MMP10	0	1	0	1
MMP11	0	1	0	1
MMP24	1	0	0	1
MMP8	0	0	1	1
MMS22L	0	1	0	1
MNAT1	0	1	0	1
MON1B	0	1	0	1
MORC2	0	1	0	1
MPC1	0	0	1	1
MRAS	0	1	0	1
MRC2	0	1	0	1
MRM2	0	1	0	1
MRO	0	1	0	1
MRPL42	0	1	0	1
MRPL48	0	0	1	1
MS4A3	1	0	0	1
MSH3	0	0	1	1
MSLN	0	1	0	1
MSMB	0	0	1	1
MSR1	0	1	0	1
MSX2	0	1	0	1
MT1E	0	0	1	1
MT1F	0	0	1	1
MT1X	0	0	1	1
MTA2	0	1	0	1
MTMR14	0	1	0	1
MUC13	0	1	0	1
MUC5AC	0	1	0	1
MUC6	0	0	1	1
MUL1	0	0	1	1
MUTYH	0	1	0	1
MXD1	0	0	1	1
MYBBP1A	0	1	0	1
MYCBP2	0	1	0	1
MYCNOS	0	1	0	1
MYF5	0	1	0	1
MYLK	0	1	0	1
MYOF	1	0	0	1
MZB1	0	0	1	1
N4BP2L1	0	1	0	1
NAA10	0	1	0	1
NAB2	0	1	0	1
NABP1	0	1	0	1
NAGA	0	0	1	1
NAIF1	0	0	1	1
NAT10	0	1	0	1
NAV3	0	0	1	1
NBEAL2	1	0	0	1
NCK1	1	0	0	1
NCOA1	0	1	0	1
NCOA5	0	1	0	1
NCOA6	0	0	1	1
NDST3	0	0	1	1
NDUFA13	0	0	1	1
NDUFA4	0	1	0	1
NEFL	0	0	1	1
NEFM	0	0	1	1
NEK8	0	1	0	1
NEURL1	0	0	1	1
NEUROG2	0	1	0	1
NFATC3	0	0	1	1
NFATC4	0	1	0	1
NFIA	0	1	0	1
NFIC	0	1	0	1
NFKBIA	0	0	1	1
NFKBIB	0	0	1	1
NFKBIE	1	0	0	1
NFS1	1	0	0	1
NFYA	0	1	0	1
NFYC	0	1	0	1
NINL	0	1	0	1
NKAIN2	0	0	1	1
NKAP	0	1	0	1
NKX3-2	0	1	0	1
NLRC4	1	0	0	1
NLRP6	0	0	1	1
NLRX1	0	0	1	1
NNAT	0	0	1	1
NOL3	0	0	1	1
NOL4	0	0	1	1
NOP56	0	1	0	1
NOS1	0	1	0	1
NOX1	0	1	0	1
NOX4	0	1	0	1
NPPA	0	0	1	1
NR0B1	0	1	0	1
NR2E3	0	1	0	1
NR2F6	1	0	0	1
NR5A1	0	0	1	1
NRBP1	0	0	1	1
NRDC	0	1	0	1
NRL	0	1	0	1
NRN1	0	1	0	1
NRP1	0	0	1	1
NRSN2	0	0	1	1
NTN4	0	0	1	1
NUCB2	0	1	0	1
NUCKS1	0	1	0	1
NUDCD1	0	1	0	1
NUDT21	0	1	0	1
NUF2	0	1	0	1
NUP153	0	1	0	1
NUPR1	0	1	0	1
NUS1	0	1	0	1
OBSCN	1	0	0	1
OCM	0	1	0	1
OGG1	0	0	1	1
OLIG2	0	1	0	1
OMD	0	1	0	1
ONECUT2	1	0	0	1
OPN1MW	0	1	0	1
OPRK1	0	0	1	1
OPRM1	0	1	0	1
ORM2	0	0	1	1
OSGIN1	0	0	1	1
OSMR	0	0	1	1
OSTM1	0	1	0	1
PABPC1L	0	1	0	1
PACS1	0	1	0	1
PAF1	0	0	1	1
PAFAH1B3	1	0	0	1
PAIP2B	0	0	1	1
PAK5	0	1	0	1
PAM	0	1	0	1
PAMR1	0	0	1	1
PANX1	0	0	1	1
PANX2	0	0	1	1
PAOX	0	0	1	1
PARP12	0	0	1	1
PARP15	0	0	1	1
PARP6	0	0	1	1
PARPBP	0	1	0	1
PAX7	0	1	0	1
PAX8	0	0	1	1
PBLD	0	0	1	1
PBOV1	0	1	0	1
PBX3	0	0	1	1
PCDHB3	0	0	1	1
PCF11	1	0	0	1
PCMT1	0	1	0	1
PCSK2	1	0	0	1
PCSK7	0	1	0	1
PDC	0	1	0	1
PDCD1	0	1	0	1
PDE3A	0	1	0	1
PDE4B	0	1	0	1
PDE4D	0	0	1	1
PDE6D	0	1	0	1
PDGFRL	0	0	1	1
PDHB	0	1	0	1
PDRG1	0	1	0	1
PDZK1	0	1	0	1
PDZRN4	0	0	1	1
PEAK1	0	1	0	1
PECAM1	0	1	0	1
PEPE	0	0	1	1
PERP	0	0	1	1
PFKFB3	0	1	0	1
PFN2	0	1	0	1
PGC	0	0	1	1
PGM1	0	0	1	1
PHACTR4	0	0	1	1
PHB2	0	0	1	1
PHF1	0	0	1	1
PHF13	0	1	0	1
PHF19	0	1	0	1
PHF20	0	1	0	1
PHF20L1	0	1	0	1
PHF21B	0	1	0	1
PHF5A	1	0	0	1
PHIP	0	0	1	1
PI15	0	1	0	1
PI4K2B	0	0	1	1
PIAS3	0	0	1	1
PIGA	0	1	0	1
PIK3R2	0	1	0	1
PIK3R3	0	0	1	1
PIP	0	1	0	1
PIWIL2	0	1	0	1
PIWIL3	0	1	0	1
PKHD1	0	0	1	1
PKMYT1	0	1	0	1
PKN2	0	0	1	1
PKNOX2	0	0	1	1
PKP3	0	1	0	1
PLA2G7	0	1	0	1
PLCB1	0	0	1	1
PLCG1	0	1	0	1
PLD2	0	1	0	1
PLEKHA2	0	1	0	1
PLOD2	0	1	0	1
PLS3	0	1	0	1
PLXNA3	1	0	0	1
PMM2	1	0	0	1
PMP2	1	0	0	1
PMP22	0	1	0	1
PNCK	0	1	0	1
PNO1	0	1	0	1
PNPLA2	1	0	0	1
POLD1	1	0	0	1
POLDIP2	0	1	0	1
POLDIP3	0	1	0	1
POLR2C	0	1	0	1
PON1	1	0	0	1
POU1F1	0	1	0	1
POU2F1	0	1	0	1
POU3F3	0	1	0	1
POU5F1B	0	1	0	1
PPBP	0	1	0	1
PPM1F	0	1	0	1
PPM1K	0	1	0	1
PPME1	1	0	0	1
PPP1R14A	0	0	1	1
PPP1R18	0	0	1	1
PPP1R7	0	0	1	1
PPP1R9A	1	0	0	1
PPP2CA	0	1	0	1
PPP2R1A	0	1	0	1
PPP2R2A	0	1	0	1
PPP2R2D	0	0	1	1
PPP2R3B	0	0	1	1
PPP3CC	1	0	0	1
PPP5C	0	1	0	1
PRAF2	0	1	0	1
PRB1	0	1	0	1
PRDX3	0	0	1	1
PRDX4	1	0	0	1
PRDX6	0	0	1	1
PREX2	1	0	0	1
PRKAA2	0	0	1	1
PRKACA	1	0	0	1
PRKAR2B	0	1	0	1
PRKCD	0	1	0	1
PRKD3	0	1	0	1
PRKG1	0	0	1	1
PRMT9	0	1	0	1
PROCR	0	0	1	1
PRPF31	0	0	1	1
PRPF6	1	0	0	1
PRPSAP2	0	1	0	1
PRR14	0	1	0	1
PRR5	0	0	1	1
PRRX1	0	0	1	1
PRSS21	0	0	1	1
PSD	0	0	1	1
PSG9	1	0	0	1
PSMA7	1	0	0	1
PSMB9	0	1	0	1
PSMC2	0	1	0	1
PSMD14	0	1	0	1
PSMD4	0	1	0	1
PSME3	0	1	0	1
PTBP2	0	1	0	1
PTCH2	1	0	0	1
PTCHD3	0	0	1	1
PTER	0	0	1	1
PTGES2	1	0	0	1
PTGR1	0	1	0	1
PTMA	0	0	1	1
PTMS	0	0	1	1
PTPN5	0	0	1	1
PTPRH	0	1	0	1
PTPRS	0	0	1	1
PTX3	0	0	1	1
PUF60	0	1	0	1
PVR	0	1	0	1
PYROXD1	0	1	0	1
PYROXD2	0	0	1	1
QPCT	0	1	0	1
QSOX1	0	0	1	1
RAB10	0	1	0	1
RAB17	0	0	1	1
RAB21	0	1	0	1
RAB27A	0	1	0	1
RAB3B	0	1	0	1
RAB6B	0	1	0	1
RAB7A	0	1	0	1
RAB8A	0	0	1	1
RABL3	0	1	0	1
RAC2	0	1	0	1
RAD21	0	1	0	1
RAD23B	0	1	0	1
RAD50	0	0	1	1
RAD51C	0	0	1	1
RAI14	0	1	0	1
RAI2	0	0	1	1
RALBP1	0	1	0	1
RALY	0	1	0	1
RAMP1	1	0	0	1
RANBP2	0	0	1	1
RANBP6	0	0	1	1
RAPH1	0	1	0	1
RARS	0	1	0	1
RASA2	0	0	1	1
RASA3	0	0	1	1
RASD1	0	1	0	1
RASEF	0	0	1	1
RBBP5	0	1	0	1
RBBP7	0	0	1	1
RBFOX3	0	1	0	1
RBM14	0	0	1	1
RBM15	0	1	0	1
RBM25	0	0	1	1
RBMS2	0	0	1	1
RCC2	0	1	0	1
RCE1	0	0	1	1
RCHY1	0	1	0	1
RD3	1	0	0	1
RDX	0	0	1	1
REC8	0	0	1	1
RECQL4	0	0	1	1
RETN	0	1	0	1
RFC3	0	1	0	1
RFC4	0	1	0	1
RGS12	0	0	1	1
RGS22	0	0	1	1
RGS4	1	0	0	1
RGS6	0	0	1	1
RHBDF1	0	1	0	1
RHCG	0	0	1	1
RHOBTB1	0	0	1	1
RHOF	0	0	1	1
RHOG	0	1	0	1
RHOT1	0	0	1	1
RHOV	0	1	0	1
RIOK1	0	1	0	1
RIOX1	0	1	0	1
RIPK3	0	0	1	1
RLF	0	1	0	1
RLIM	0	0	1	1
RNASEL	0	0	1	1
RNASET2	0	0	1	1
RND1	1	0	0	1
RNF126	0	0	1	1
RNF128	0	0	1	1
RNF139	0	0	1	1
RNF146	0	1	0	1
RNF180	0	0	1	1
RNF183	0	1	0	1
RNF2	0	1	0	1
RNF38	1	0	0	1
RNF40	0	0	1	1
RNMT	1	0	0	1
ROCK2	0	1	0	1
ROR2	0	0	1	1
RP1L1	0	1	0	1
RPL13	0	1	0	1
RPL34	0	1	0	1
RPL36	0	0	1	1
RPL37A	0	1	0	1
RPL6	0	1	0	1
RPL7A	0	1	0	1
RPS14	0	0	1	1
RPS15	1	0	0	1
RPS15A	0	1	0	1
RPS18	0	1	0	1
RPS6	0	1	0	1
RPS6KA1	0	0	1	1
RPS6KC1	0	1	0	1
RPS9	0	1	0	1
RSRC2	0	0	1	1
RTKN	0	1	0	1
RTKN2	0	1	0	1
RTL10	1	0	0	1
RTN4	0	0	1	1
RTRAF	0	1	0	1
RUVBL1	0	1	0	1
RXRA	1	0	0	1
RYK	0	1	0	1
RYR1	0	1	0	1
S100A10	0	1	0	1
S100A6	1	0	0	1
S100A7	0	1	0	1
S100A9	0	1	0	1
S100G	0	1	0	1
SAFB	0	0	1	1
SAMHD1	0	0	1	1
SCAF1	0	1	0	1
SCAI	0	0	1	1
SCAMP3	0	1	0	1
SCD5	1	0	0	1
SCN10A	1	0	0	1
SCN2A	0	0	1	1
SCN5A	0	1	0	1
SCPEP1	0	1	0	1
SDC1	0	1	0	1
SDHA	0	0	1	1
SDHAF1	0	0	1	1
SDHAF2	0	0	1	1
SEC23A	0	0	1	1
SEC31A	0	1	0	1
SELENOK	0	0	1	1
SEMA3E	0	1	0	1
SEMA6A	0	0	1	1
SEPT1	0	0	1	1
SEPT2	0	1	0	1
SERPINA3	0	1	0	1
SERPIND1	0	1	0	1
SERPINE2	1	0	0	1
SERPINI2	0	0	1	1
SERTAD1	0	1	0	1
SERTAD2	0	1	0	1
SETD5	0	1	0	1
SETX	0	0	1	1
SF1	0	1	0	1
SF3B3	0	1	0	1
SGCE	0	1	0	1
SGMS1	0	1	0	1
SGPP1	0	0	1	1
SH2B3	0	1	0	1
SH3BP2	0	0	1	1
SH3PXD2A	0	1	0	1
SHARPIN	0	1	0	1
SHBG	0	1	0	1
SHCBP1	0	1	0	1
SHISA3	0	0	1	1
SIAH2	0	0	1	1
SIL1	0	1	0	1
SIRPA	0	0	1	1
SIVA1	0	1	0	1
SIX3	0	0	1	1
SKI	0	1	0	1
SKIL	0	1	0	1
SLC10A1	0	0	1	1
SLC12A1	0	1	0	1
SLC12A3	1	0	0	1
SLC16A1	1	0	0	1
SLC16A2	0	1	0	1
SLC16A3	1	0	0	1
SLC1A2	0	1	0	1
SLC25A13	0	1	0	1
SLC25A22	0	1	0	1
SLC25A3	0	0	1	1
SLC25A43	0	0	1	1
SLC27A3	0	1	0	1
SLC28A1	0	0	1	1
SLC2A9	0	0	1	1
SLC35A4	0	1	0	1
SLC35E2A	0	0	1	1
SLC46A1	0	1	0	1
SLC46A2	0	0	1	1
SLC4A7	0	1	0	1
SLC7A1	0	0	1	1
SLC7A11	0	1	0	1
SLC7A5	0	1	0	1
SMAD1	0	0	1	1
SMARCA5	0	1	0	1
SMARCAL1	1	0	0	1
SMARCD2	0	0	1	1
SMC2	1	0	0	1
SMC4	0	1	0	1
SMCHD1	0	0	1	1
SMPDL3A	0	0	1	1
SMURF2	0	1	0	1
SNAP23	0	1	0	1
SNAP47	0	1	0	1
SNRPB	0	1	0	1
SNRPD3	0	0	1	1
SNRPE	0	1	0	1
SOCS6	0	0	1	1
SOCS7	0	1	0	1
SOD3	0	0	1	1
SORBS1	0	1	0	1
SOX14	0	0	1	1
SOX8	0	1	0	1
SP2	0	0	1	1
SP3	1	0	0	1
SPAG9	0	1	0	1
SPATA18	0	0	1	1
SPC24	0	1	0	1
SPDYA	0	1	0	1
SPEN	0	0	1	1
SPERT	0	1	0	1
SPIC	0	1	0	1
SPIN3	0	0	1	1
SPINK5	0	0	1	1
SPINT1	0	0	1	1
SPN	1	0	0	1
SPNS1	0	1	0	1
SPP2	0	1	0	1
SPRED1	1	0	0	1
SPRED2	0	0	1	1
SPRR3	0	0	1	1
SPRYD7	0	0	1	1
SPSB1	0	1	0	1
SRA1	0	0	1	1
SREBF1	1	0	0	1
SREBF2	0	0	1	1
SRM	0	1	0	1
SRPK2	0	1	0	1
SRPX2	0	1	0	1
SRSF7	0	1	0	1
SSR3	0	1	0	1
SSRP1	0	1	0	1
SSTR1	0	0	1	1
SSUH2	0	0	1	1
SSX1	0	1	0	1
SSX2IP	0	1	0	1
ST20	0	0	1	1
ST6GALNAC4	1	0	0	1
ST8SIA4	1	0	0	1
STAG1	0	0	1	1
STEAP2	1	0	0	1
STIL	0	1	0	1
STIP1	0	1	0	1
STK17A	0	1	0	1
STK19	1	0	0	1
STK26	0	1	0	1
STK35	0	1	0	1
STK38	0	1	0	1
STK38L	0	0	1	1
STK40	0	1	0	1
STOM	0	1	0	1
STRA6	0	1	0	1
STRA8	0	1	0	1
STRN	1	0	0	1
STX11	0	0	1	1
STX2	0	1	0	1
STX3	0	1	0	1
SUB1	0	1	0	1
SULT1E1	0	1	0	1
SUMO1	0	1	0	1
SUSD6	0	0	1	1
SVIL	1	0	0	1
SYNCRIP	0	1	0	1
SYNJ2BP	0	0	1	1
SYP	0	1	0	1
SYT13	0	0	1	1
SYT7	0	1	0	1
SZRD1	0	0	1	1
TAC1	0	0	1	1
TAF1L	0	1	0	1
TAF2	1	0	0	1
TAF4B	0	0	1	1
TAGLN2	0	1	0	1
TAX1BP1	1	0	0	1
TAX1BP3	0	1	0	1
TBC1D12	0	1	0	1
TBC1D3B	0	1	0	1
TBCE	1	0	0	1
TBX19	0	1	0	1
TBX21	1	0	0	1
TC2N	0	1	0	1
TCF19	0	0	1	1
TCIM	0	1	0	1
TCOF1	0	0	1	1
TCP1	1	0	0	1
TCTN1	0	1	0	1
TDG	0	0	1	1
TDO2	1	0	0	1
TECR	1	0	0	1
TENM3	0	0	1	1
TET3	0	0	1	1
TFAP2E	0	0	1	1
TFAP4	0	1	0	1
TFIP11	0	1	0	1
TGFA	0	1	0	1
TGFB1I1	0	1	0	1
TGIF1	0	1	0	1
TGM2	1	0	0	1
TGM3	0	0	1	1
THEMIS2	0	0	1	1
THOC1	0	1	0	1
THRB	0	0	1	1
TIAF1	0	0	1	1
TIMM17A	0	1	0	1
TIMP1	0	1	0	1
TINAGL1	0	1	0	1
TJP2	0	1	0	1
TLK2	0	1	0	1
TLL2	0	1	0	1
TLR3	1	0	0	1
TLR9	1	0	0	1
TM4SF1	0	0	1	1
TM4SF18	1	0	0	1
TM9SF4	0	1	0	1
TMBIM6	0	1	0	1
TMEM115	0	0	1	1
TMEM119	0	1	0	1
TMEM127	0	0	1	1
TMEM134	0	1	0	1
TMEM14A	0	1	0	1
TMEM173	0	0	1	1
TMEM196	0	0	1	1
TMEM88	0	0	1	1
TMIGD1	0	0	1	1
TMIGD3	0	0	1	1
TMPRSS11D	0	1	0	1
TMPRSS4	1	0	0	1
TMSB10	0	1	0	1
TMSB4Y	0	0	1	1
TNFAIP8L1	0	1	0	1
TNFRSF10D	0	1	0	1
TNFRSF18	0	0	1	1
TNFRSF19	1	0	0	1
TNFRSF21	0	1	0	1
TNFRSF6B	0	1	0	1
TNFSF12	0	0	1	1
TNFSF9	0	0	1	1
TNKS	0	1	0	1
TNS1	0	1	0	1
TOP1	0	1	0	1
TOPORS	0	0	1	1
TP53I11	0	0	1	1
TP53RK	1	0	0	1
TPI1	0	0	1	1
TPM2	0	0	1	1
TPM4	0	0	1	1
TPO	1	0	0	1
TPTE	0	0	1	1
TRA2B	0	1	0	1
TRABD2B	0	1	0	1
TRAF2	0	1	0	1
TRAF7	1	0	0	1
TRB	0	1	0	1
TRIM2	0	0	1	1
TRIM32	0	1	0	1
TRIM36	0	1	0	1
TRIM45	0	0	1	1
TRIM50	0	0	1	1
TRIM63	0	1	0	1
TRIM7	0	1	0	1
TRIP10	1	0	0	1
TRIP12	0	1	0	1
TRIT1	0	0	1	1
TRMT9B	0	0	1	1
TROAP	0	1	0	1
TRPC1	1	0	0	1
TRPV6	0	1	0	1
TRRAP	0	1	0	1
TSC22D1	0	0	1	1
TSGA10	0	0	1	1
TSPAN13	0	0	1	1
TSPAN18	0	0	1	1
TSPAN4	0	1	0	1
TSPAN7	0	0	1	1
TSTA3	0	1	0	1
TTC12	0	0	1	1
TTC36	0	0	1	1
TTC4	0	0	1	1
TTR	0	0	1	1
TUT1	0	0	1	1
TUT4	0	1	0	1
TXNDC5	0	1	0	1
TXNRD1	1	0	0	1
TXNRD2	0	1	0	1
TYMP	1	0	0	1
U2SURP	0	1	0	1
UBA7	0	0	1	1
UBB	0	1	0	1
UBE2I	0	0	1	1
UBE2K	0	1	0	1
UBE2T	0	1	0	1
UBQLN1	0	0	1	1
UBQLN4	0	0	1	1
UBTF	0	1	0	1
UCHL3	1	0	0	1
UNC93A	0	0	1	1
USE1	0	1	0	1
USH2A	0	0	1	1
USP1	0	1	0	1
USP14	0	1	0	1
USP16	0	0	1	1
USP17L2	0	0	1	1
USP36	0	1	0	1
USP44	0	0	1	1
USP46	0	0	1	1
USP6NL	0	1	0	1
USP8	0	1	0	1
UTS2	0	1	0	1
UVRAG	0	0	1	1
VASH1	0	0	1	1
VAV2	0	1	0	1
VCL	1	0	0	1
VCX	0	1	0	1
VDAC3	0	0	1	1
VEGFB	0	1	0	1
VEZT	0	0	1	1
VIP	0	1	0	1
VIPR2	0	1	0	1
VLDLR	0	0	1	1
VPS33B	0	0	1	1
VPS52	0	0	1	1
VSIG4	0	0	1	1
VTCN1	0	0	1	1
VTN	0	1	0	1
VWA2	0	1	0	1
VWCE	0	1	0	1
WAPL	0	1	0	1
WAS	0	0	1	1
WDR1	0	1	0	1
WDR12	0	1	0	1
WDR66	0	1	0	1
WDR76	0	0	1	1
WFDC1	0	0	1	1
WLS	0	1	0	1
WNT11	0	0	1	1
WNT4	0	0	1	1
WNT5B	0	0	1	1
WTIP	0	0	1	1
WWC1	0	0	1	1
XIAP	0	0	1	1
XPO5	0	1	0	1
XRCC2	0	1	0	1
XRCC6	0	0	1	1
XRN1	0	0	1	1
YARS	0	1	0	1
YBX3	1	0	0	1
YOD1	0	1	0	1
YTHDC1	0	0	1	1
ZAP70	0	1	0	1
ZAR1	0	0	1	1
ZBED9	0	1	0	1
ZBTB17	0	1	0	1
ZBTB18	0	0	1	1
ZBTB20	0	1	0	1
ZBTB4	0	0	1	1
ZBTB7B	0	1	0	1
ZC3H12A	0	0	1	1
ZC3H12D	0	0	1	1
ZC3H13	0	0	1	1
ZC3H14	0	0	1	1
ZC3H15	0	1	0	1
ZCCHC12	0	1	0	1
ZDHHC11B	0	1	0	1
ZDHHC2	0	0	1	1
ZDHHC3	0	0	1	1
ZFAND4	0	1	0	1
ZFP57	0	0	1	1
ZHX1	0	1	0	1
ZIM2	0	0	1	1
ZMYM2	1	0	0	1
ZMYND8	0	0	1	1
ZNF121	0	1	0	1
ZNF132	0	0	1	1
ZNF143	0	1	0	1
ZNF148	0	1	0	1
ZNF185	0	0	1	1
ZNF208	0	0	1	1
ZNF224	0	1	0	1
ZNF267	0	1	0	1
ZNF276	0	0	1	1
ZNF296	0	1	0	1
ZNF326	0	1	0	1
ZNF331	0	0	1	1
ZNF384	0	1	0	1
ZNF395	0	0	1	1
ZNF433	1	0	0	1
ZNF471	0	0	1	1
ZNF488	0	1	0	1
ZNF516	0	0	1	1
ZNF582	0	0	1	1
ZNF677	0	0	1	1
ZNF687	0	1	0	1
ZNF70	0	0	1	1
ZNFX1	0	0	1	1
ZSCAN18	0	0	1	1
ZSCAN22	1	0	0	1
ZSWIM5	0	0	1	1
ZWINT	0	1	0	1
