Silent_mutations_kb	log_Total_N_missense_mutations	log_Total_N_LoF_mutations	log_Total_N_of_splicing_mutations	Missense_mutations_kb	LoF_mutations_kb	Missense_entropy	LOF_silent_ratio	Splice_silent_ratio	Missense_silent_ratio	HiFI_missense_LoFI_missense_ratio	LOF_benign_ratio	Splice_benign_ratio	Missense_benign_ratio	Missense_damaging_benign_ratio	PolyPhen_2_score	LOF_total_ratio	Missense_total_ratio	Splice_total_ratio	LOF_missense_ratio	Silent_fraction	Nonsense_fraction	Recurrent_missense_fraction	Frameshift_indel_fraction	Inframe_indel_fraction	Lost_start_and_stop_fraction	Inactivating_fraction	NonSilent_silent_ratio	log_gene_length	log_CDS_length	CNA_deletion_percentage	Exon_conservation_phastCons_score	Missense_MGAentropy	Early_replication_timing	VEST_score	Gene_expression_Z_score	Increase_of_cell_proliferation_by_CRISPR_Knock_down	Super_enhancer_percentage	Promoter_hypermethylation_in_cancer	Gene_body_hypermethylation_in_cancer	Gene_body_canyon_hypermethylation_in_cancer	pLI_score	pNull_score	Synonymous_o_e_constraint	Missense_o_e_constraint	LoF_o_e_constraint	Primate_dN_dS_ratio	Gene_damage_index	RVIS_percentile	ncRVIS_score	ncGERP_score	Gene_age	Family_member_count	H3K4me3_peak_length	Height_of_H3K4me3_peaks	H3K4me2_peak_length	Height_of_H3K4me2_peaks	H3K4me1_peak_length	Height_of_H3K4me1_peaks	H3K36me3_peak_length	Height_of_H3K36me3_peaks	H3K27ac_peak_length	Height_of_H3K27ac_peaks	H3K27me3_peak_length	Height_of_H3K27me3_peaks	H3K9me3_peak_length	Height_of_H3K9me3_peaks	H3K9ac_peak_length	Height_of_H3K9ac_peaks	H3K9me2_peak_length	Height_of_H3K9me2_peaks	H3K79me2_peak_length	Height_of_H3K79me2_peaks	H4K20me1_peak_length	Height_of_H4K20me1_peaks
Silent_mutations_kb	0	0.456123924247308	0.305990155036195	0.129505053456401	0.203311315032316	0.274099589096249	0.29428078472546	-0.0169756698947083	-0.165757850489703	0.0054412485022895	0.0673397651654442	-0.0175129547872488	-0.150390496002045	-0.0274162472333356	0.0469456389397916	0.109971452051617	-0.101825014176617	-0.00714980341896513	-0.113310950114925	-0.0115949020229312	0.380738236331682	-0.0920602235495655	0.0479401298879627	-0.0611751708574862	0.00397149211084679	-0.0372192938507217	-0.131224150678967	0.0046788335914922	0.0237041036263872	0.151405684900208	0.00471087448917552	-0.0663259831514498	0.123982175831755	0.238865738714226	0.0621188157322944	0.371121045950785	0.131939663956343	-0.000569547557814804	0.0111113533729947	-0.0369008410189139	0.0658828534903403	0.0264760734653477	-0.0168505164609919	-0.193523322057832	-0.0722534259650865	-0.010114651782328	0.00368659110127505	0.0896304602671032	0.0196889421770526	0.0978927955286157	-0.0197315638761162	0.136023649079237	0.21848511786807	-0.05240616649689	-0.138027731244892	-0.0764793787545216	-0.106545150455977	-0.0466852930206793	-0.00659233412829764	-0.13133663164163	-0.0580931843399354	-0.0286220808179845	-0.0697490304335152	0.197957054845252	0.139496008697651	0.100853549782439	0.090031035144296	-0.0732570291325043	-0.133652594714671	0.083998225982716	0.0637680581762751	-0.1130262985506	-0.115063924879392	-0.0815264548180129	-0.0276231789863401
log_Total_N_missense_mutations	0.456123924247308	0	0.817325365649754	0.512586085829951	0.11845822470839	0.0923984004355502	0.317380423132275	0.0603360498045823	-0.0105321538310537	0.162445711970592	0.117177418840854	0.0461643088508128	-0.0207014982947501	0.183927487704269	0.164964529302079	0.347819523297859	0.129358784418587	0.477472422511712	-0.00202211736335327	0.0316013794137651	0.0622541282797527	0.113074720374645	0.0426582809323175	0.0585180098686389	0.00409357413720433	-0.149513734367052	0.0732121645314663	0.190881967200028	0.461513507724883	0.818566487389041	0.123402031510082	0.302697047826319	0.0571078064357853	0.153779062467423	0.297021760216137	0.121174336889928	0.0887136774480146	0.041752781251675	0.0402042015486449	-0.082848760917308	0.0163339693739669	0.182651435518476	-0.199695057780402	-0.111898956477675	0.166565786503632	0.46836983870889	-0.0427060744068008	0.242282264422788	-0.168036242980063	0.00740764840303431	0.165600083279514	-0.0646531743221734	0.0895005925272336	0.0463141605614002	-0.043201364533338	0.0555449092706002	0.0170059205256682	0.0985520915862883	0.108514533243636	0.0930537603057521	0.0900524126230408	0.101044705099809	0.0767255233951965	0.164202858057696	0.130226647095293	0.172502124726596	0.150976692440977	0.0428880030123241	-0.00608984381527528	0.156010583825346	0.226172245023187	0.0630743490978298	0.0361562866740294	0.0700442728190638	0.129109769324207
log_Total_N_LoF_mutations	0.305990155036195	0.817325365649754	0	0.51147432354918	0.0692953443999658	0.176978446631982	0.194242387985265	0.227661028042763	0.036208581432583	0.0989246589059248	0.0683335106162808	0.206472084847921	0.0192920521219423	0.11289139177423	0.120131846093023	0.271507350860611	0.558999807007774	0.151665353039297	0.00722430528420173	0.201239302917513	-0.121717322438745	0.433198116407724	0.0341620203638911	0.381258694486261	0.0080408454881357	-0.142878036289422	0.488212364136549	0.177387432093189	0.449892682263059	0.638365335606354	0.0793561593070365	0.330413519651823	0.0207116363494913	0.157912086258331	0.236226147249929	0.00207201022976636	0.0734664034310164	0.0426775953811492	0.0365769771384157	-0.0769227427246791	-0.000282052164804284	0.199844172490308	-0.17592619171497	-0.0753328817472626	0.183751291794091	0.494580322430618	-0.0332662579402812	0.226712669423658	-0.179400876466547	-0.0255604811581987	0.228743025333154	-0.0995787262411664	0.0325322878437966	0.0663411217270758	0.00222255750020467	0.0895785732087837	0.0416273992933174	0.111622834108449	0.0927292916396787	0.13088859298234	0.104879270333287	0.108544967958276	0.112332955423544	0.0938839707580052	0.0836051629516353	0.147546792694377	0.136364864947089	0.058561061356655	0.0350139090105417	0.158251890513107	0.246750118573223	0.114864921028681	0.0829460273973486	0.10411535030743	0.142760095641108
log_Total_N_of_splicing_mutations	0.129505053456401	0.512586085829951	0.51147432354918	0	0.0342158985120351	0.0891914710363844	0.0834586759591424	0.0663373717239773	0.598034911914858	0.0477038086830674	0.0481354367754095	0.0535050542524693	0.607474003894982	0.0675845966546056	0.0791158751255588	0.215132185768785	0.112155451299631	0.0903402816831168	0.647811480643575	0.0370639109083278	-0.0792496328368186	0.128122307669127	-0.00546559889551266	0.0252846395351637	-0.0386578996813104	-0.0772002140014537	0.227428632197496	0.0810894706735895	0.44709385304048	0.412060667844713	0.039291919511011	0.412916627995936	-0.0866537045480719	0.081644428043906	0.313242903487507	0.00193985542839207	0.00876914526316128	0.0276934869089576	-0.0023332273428778	-0.0994411903466234	-0.0152450898222594	0.133946649781942	-0.103809080405214	-0.0253749500650511	0.192752396948578	0.427659998972068	-0.0450914769384532	0.164511200841092	-0.20272754041617	-0.0104919984700704	0.15204360736027	-0.148314726446811	-0.144945006534038	-0.0085298929121292	-0.0250703526035255	0.0266130806034318	0.0151055553077898	0.0661156009235674	0.0810814303383032	0.0867569375682486	0.0515691206900909	0.0651853457437066	0.069050842996224	0.0660861721375207	0.0459990597627504	0.0509923648330287	0.0698241373846407	0.0120240326273785	0.000437637863146537	0.104766014204662	0.171601644066764	0.0483600395119254	0.0334478247560829	0.0472983434000579	0.0876745045334545
Missense_mutations_kb	0.203311315032316	0.11845822470839	0.0692953443999658	0.0342158985120351	0	0.272061192524387	0.357318152876363	0.0351327778058732	0.00501604358610837	0.826270207951807	0.28104476875315	0.017685386636601	-0.00609366964126036	0.470620617957193	0.492078309447349	0.0143874634594683	-0.0027634685550241	0.0588703512281275	-0.0155068828645286	5.28186113341072e-05	-0.0448422770813896	-0.00595186553064645	0.00467414195292078	0.000840575377042677	0.00346340987175948	-0.00651153474541073	-0.008151146132261	0.766870668806594	0.0145192288632136	0.0129356070260723	-0.0036822503235441	0.0146817138236307	-0.00449311824302826	0.0258286899389234	0.0309839667785223	0.0225886679350547	0.00704722328488482	-0.00502786495271391	0.00407302037612082	0.00337373193060418	0.0023793749818278	0.00789101000740941	-0.00859328378782711	-0.0130490805883208	0.00944245149751955	0.00741884397794743	0.00355632603815513	0.00504161302174317	-0.00415514185661751	0.00101885856051636	0.0299758673796086	0.00502910118546891	0.0280571533319867	0.00155693003670874	0.00667565239079744	-0.000492737956030105	-7.15277389300545e-05	0.000629934144737456	-0.000130559060804302	0.00460136952138552	0.00353633938423874	-0.000204408978958083	0.000607517143243699	0.00947221893428492	0.00598978863846302	0.00648074525404046	0.009954916695618	-0.00343538672731256	-0.00111830086156716	0.0102931732750331	0.0205035998142285	0.00947763748105294	0.004715301023945	0.0100109849375942	0.00582696664966031
LoF_mutations_kb	0.274099589096249	0.0923984004355502	0.176978446631982	0.0891914710363844	0.272061192524387	0	0.0969485545172925	0.595010054455979	0.0665544392339526	0.0904478791949204	0.101644185410602	0.559856083237813	0.0368682092433802	0.0811105386973725	0.159345342553043	0.0246132973885546	0.278872525101158	-0.0497384861115523	-0.00815839452899867	0.511376521915719	-0.0732994106722913	0.0994843937710706	0.00230196467005607	0.260624065662604	0.0279663293447924	-0.00588304105989404	0.233581536545309	0.252735784506226	0.0174768317314953	0.0173363703766852	0.01989546241971	0.0107059026055917	0.00176852869691885	0.0139169498070101	0.0257565164303623	-0.00730223214289818	0.0035266093202892	0.0127554935965123	0.00569323082705363	0.0100979370379762	0.0135604175261735	0.0314448669103281	-0.021490097774201	-0.0142740754814195	0.00948188916034405	0.0269143095490284	0.00371413666401533	0.00811812460374498	-0.0101005086155419	-0.00528808482036155	0.0376375165662054	-0.000459318880863488	0.000434698259845002	0.0215754087529356	0.00346670825261887	0.0222796689499018	0.0030337001429611	0.017865874090852	0.0112268454324485	0.0289620220117792	0.0206237897088762	0.0157706643120177	0.0150432167045816	0.0119647596658148	0.00556709158794997	0.0114836107041819	0.0231461538822999	0.0123333863935428	0.00712702876708811	0.00826048376649874	0.0194234345172385	0.0174913581528521	0.01914445667211	0.0279170044845934	0.0207448817204103
Missense_entropy	0.29428078472546	0.317380423132275	0.194242387985265	0.0834586759591424	0.357318152876363	0.0969485545172925	0	0.0497418595802642	-0.0273999502743787	0.558051145659374	0.418251962252692	0.0275339893516609	-0.0461586974816762	0.533562117355766	0.518405775808159	0.0183964413731296	-0.0223417195707704	0.195832493357842	-0.0686102881252501	-0.0054891216393064	-0.115783852418475	-0.0426974039645507	0.0417657461026761	0.00406129151835249	0.0847212361580957	-0.0305744814238051	-0.0442096708794941	0.543294372324438	0.0460209955883977	0.105628943674503	0.00644134411041372	0.017510372121085	0.0433174169652722	0.0568461040827361	0.0494399069225164	0.0767428056192374	0.0102155820095668	0.00682904101279081	0.0164140037592014	0.0110811782949071	0.00617973445272839	0.0494849203415323	-0.0262093450767611	-0.0555223461908465	0.0247686751047766	0.0481249480488569	0.00184471127031265	0.0492419217672883	-0.001828448369649	0.0243390295503204	0.0377742440645574	0.0441500191889529	0.0488122947251619	0.0119129485588199	-0.0101751738322472	0.00898965906849384	-0.0131748379435959	0.0130297819335897	-0.00217655103363654	0.00147610952919104	0.0046529668483909	0.0177670520904141	0.00385393542338722	0.0304002922137823	0.0214612562487145	0.0230459116225673	0.0276611897684264	0.00340009964010827	-0.00973176309604648	0.0302525587151007	0.0316416503626324	0.00585850909676255	0.00768803241629037	0.0187597183786233	0.0295513105100645
LOF_silent_ratio	-0.0169756698947083	0.0603360498045823	0.227661028042763	0.0663373717239773	0.0351327778058732	0.595010054455979	0.0497418595802642	0	0.110544720629041	0.079641439727117	0.133552562677968	0.981762749505735	0.0790663432584221	0.0837887081487956	0.192567979788007	0.0258011802126761	0.515321040272676	-0.0662924228383466	0.00565893021548173	0.943322436962343	-0.168862444903086	0.200793040213876	0.000345643480656955	0.486155823786736	0.0335090931082411	-0.00410228367575483	0.452283114059325	0.361900261658412	0.0397519654694375	0.0408113129869134	0.0242444933245906	0.0516700452660147	-0.0343739550582766	0.00665205288626762	0.0400169265700316	-0.0570798992049576	-0.0150896128069411	0.0113175943553644	-0.00378389458658767	-0.00053407517893776	-0.00353134061219776	0.0538513107713376	-0.0346803227433808	0.00285618342696983	0.0365872491977927	0.0560448607853169	0.00078544868457425	-0.00213635366089337	-0.0167106353694739	-0.0229371151277917	0.060673060884653	-0.0186248418303231	-0.0196299263412629	0.0485825342944217	0.0391819287162899	0.052548628459163	0.0282536982815384	0.0400267550476692	0.00700824219553818	0.0539867587364398	0.0317616753582116	0.0339309045739105	0.0465571641791996	-0.0221629974460619	-0.0119664634369854	-0.000214694445676749	0.00842424951340341	0.0399496089446015	0.0429008633055055	0.00991479000239851	0.0289373320155551	0.0644566399925856	0.0592216263645373	0.0623461537171705	0.0480624497900653
Splice_silent_ratio	-0.165757850489703	-0.0105321538310537	0.036208581432583	0.598034911914858	0.00501604358610837	0.0665544392339526	-0.0273999502743787	0.110544720629041	0	0.0833531992791147	0.0109990409944111	0.0848370285329288	0.960163931364044	0.104387897938678	0.0445999894609402	0.0607652385547742	0.149970426464364	0.0932519414350456	0.903339396010481	0.0466317866253886	-0.231296992050592	0.166329156919394	-0.0258239820735976	0.0497187306915446	-0.0258296760132319	0.0409672820910658	0.372017932034674	0.126996113824651	0.173758714062401	0.0511568270135565	0.0353599788313759	0.241022934239548	-0.163992088870987	0.00857987088490636	0.194016043322792	-0.0765511782189293	-0.0634527239198492	-0.0167492956513945	-0.0224522533267459	-0.0319201256665617	-0.0273201576515443	0.0265756842131637	-0.0299109233497435	0.052990122108537	0.0735915546656978	0.0842191531085492	-0.0125665166749073	-0.0379570530124879	-0.0271200354340929	-0.0249153600698743	0.060736785679185	-0.0774274504949886	-0.124719553054155	0.00821025302376847	0.0505422947736095	0.0406325191202772	0.0411104056849942	0.0306962623824106	0.00885975547780991	0.0816064374231879	0.0340102721692095	0.0164315673352154	0.0509307431873657	-0.0637646130877549	-0.0496358958857329	-0.034605506450118	0.00130257473945694	0.0173365488001473	0.0526153700653042	0.021542870679993	0.0711078580563745	0.0714487700918165	0.0681487098473225	0.0477449265040685	0.0459045545044
Missense_silent_ratio	0.0054412485022895	0.162445711970592	0.0989246589059248	0.0477038086830674	0.826270207951807	0.0904478791949204	0.558051145659374	0.079641439727117	0.0833531992791147	0	0.475517353891157	0.0506557478784596	0.0503013983199541	0.722136380292219	0.687124646107703	0.0269652134357628	0.0683871306289564	0.248191584833964	0.00789543926101548	0.0141681990144471	-0.243893131757838	0.0534281810703379	0.00642935422712669	0.0435737284929276	0.0134278668556384	-0.00209874951803984	0.0628735665357525	0.952671974766523	0.0587514409789857	0.0753455447623616	0.017341150130316	0.069840507834226	-0.0408076794432395	0.0285637697066256	0.0676385850885545	-0.033498977847375	-0.014767125454059	-0.018405697732673	0.00437495922434296	0.00601008660011494	-0.0094213946922187	0.0316797133963408	-0.0334592713943239	0.0201765989757853	0.0431664525961863	0.0433537336137823	0.0066223387176885	-0.00732028098654763	-0.00240297705798778	-0.0254662486958259	0.0612656216571477	-0.0148149438442866	0.000195798337537039	0.0256250221186419	0.0531152696730795	0.0348664207796753	0.0285519355351073	0.0205726072533207	-0.00507215388033085	0.0458542762173651	0.0286847981680292	0.0152497499547609	0.0308722564301076	-0.0344421300310458	-0.0230655170626581	-0.000250354434355924	0.0052645134721683	0.0206196864196354	0.03911626755121	0.0219695775730233	0.0503632838311353	0.0547891768211283	0.048752121171651	0.0415923648581285	0.0333193596596357
HiFI_missense_LoFI_missense_ratio	0.0673397651654442	0.117177418840854	0.0683335106162808	0.0481354367754095	0.28104476875315	0.101644185410602	0.418251962252692	0.133552562677968	0.0109990409944111	0.475517353891157	0	0.143128312922096	0.0350845103856716	0.836751134653368	0.905700207920056	0.219909015850682	0.0283268626194415	0.0783252256127831	-0.000877978667214359	0.126498757754199	-0.0122134751330353	-0.00631344157935618	7.38741868901006e-05	0.0400309114954236	0.0213764861328571	-0.00712451616476726	0.0223813994073386	0.472961271208536	0.0555332190745797	0.0674560162244225	0.0250545257977173	0.0696604503987548	-0.10565126088487	-0.0222872480620812	0.1361958072852	-0.0214127661061832	0.000826427170424608	0.0271074672925546	0.028569591367578	0.0169360323245145	0.0130822951659809	0.0826341025276112	-0.0715445263543798	-0.0103358028272441	0.0856139000602874	0.0863947659634549	-0.0336678828960623	-0.031165554622544	-0.079405372401407	-0.0318487516806269	0.0708993958024949	-0.049094369140502	-0.0308286818587346	0.0304919097670852	0.0109960717092415	0.0313907116171152	0.0182483075024053	0.0408059086102691	0.0298688388227748	0.0236810316248213	0.019275784999575	0.0361327057979691	0.0252092807000062	0.0205675862999566	0.0249399750929903	-0.00107082042996035	0.00485235004280622	0.037475823101006	0.0200856704186258	-0.0155007783114981	0.00060930434504603	0.0319596064247476	0.025967160270786	0.0515122472807752	0.0512693072144218
LOF_benign_ratio	-0.0175129547872488	0.0461643088508128	0.206472084847921	0.0535050542524693	0.017685386636601	0.559856083237813	0.0275339893516609	0.981762749505735	0.0848370285329288	0.0506557478784596	0.143128312922096	0	0.0729267349170649	0.0743626361833558	0.182067016597547	0.0405004495143912	0.481125274630465	-0.0753282350837988	0.00560365940176489	0.978578896049402	-0.134073382604081	0.174455208734154	0.00114117374466952	0.46581385723801	0.0306127094607872	-0.00384461880701847	0.423095309307077	0.32649456826369	0.034768808555396	0.03740727771939	0.0197458639862537	0.0489454461058722	-0.041136804128836	0.00108251965411506	0.0423571967561964	-0.052444628683723	-0.0170436742784065	0.013170208050671	-0.00482093739670307	-0.0029581316449574	-0.000805879725239921	0.0558383207850515	-0.0366460510780786	-0.00147156216969673	0.0375541636150827	0.0544619752559249	-0.00444186924783219	-0.0103072228081801	-0.0253412653896021	-0.022051205245058	0.0591522088670937	-0.0192219224661331	-0.0202131167033004	0.0347217161362488	0.0252893394240047	0.0387541131369562	0.0171433447394176	0.0313819772104068	0.00298344931805116	0.0466895072047714	0.0262649848736079	0.0254743466110181	0.0346737151313766	-0.0213035202538815	-0.0133251673591102	-0.00409925958492966	0.00433825033989634	0.0286046973304717	0.0289952516156021	0.00306828263113794	0.0178354024494672	0.0504040215826346	0.0460390866857268	0.0522814960547167	0.0398844119978974
Splice_benign_ratio	-0.150390496002045	-0.0207014982947501	0.0192920521219423	0.607474003894982	-0.00609366964126036	0.0368682092433802	-0.0461586974816762	0.0790663432584221	0.960163931364044	0.0503013983199541	0.0350845103856716	0.0729267349170649	0	0.109168923603184	0.0334351870731836	0.10448116052042	0.119889795183172	0.061789783012352	0.923003492975556	0.0396045065958464	-0.166144025499217	0.140997363427426	-0.0249805776069702	0.0322283214372999	-0.025172902457132	0.0359889772716247	0.349253445683086	0.0838984711782178	0.173859279150927	0.051121583941667	0.031059066296307	0.244864112558247	-0.182680448462634	-0.00945540385580854	0.211827076538047	-0.0747090895478723	-0.0669984263901603	-0.00254155031577587	-0.0214266768946645	-0.0332651395173542	-0.0252505044330814	0.0342102028040681	-0.035628923411334	0.0458006307350171	0.082271417486934	0.0894424649002308	-0.0223165831519541	-0.0455349863446198	-0.0474064242662395	-0.0230017847059903	0.0591966433506349	-0.0829999718943042	-0.12678847272396	-0.00919545114906744	0.0250710568294786	0.0221939021506817	0.022371655354218	0.0249544286625088	0.00941113518844863	0.0820163056804151	0.0317458196145514	0.00983392402755571	0.0345341225282418	-0.0574246158748577	-0.0471936990327596	-0.038145965695904	-0.00618242759034873	0.00643094517887209	0.0310734564633793	0.0100525333082381	0.0510808563706114	0.0518716875489555	0.0508560525911317	0.0423073323449048	0.0432839462988298
Missense_benign_ratio	-0.0274162472333356	0.183927487704269	0.11289139177423	0.0675845966546056	0.470620617957193	0.0811105386973725	0.533562117355766	0.0837887081487956	0.104387897938678	0.722136380292219	0.836751134653368	0.0743626361833558	0.109168923603184	0	0.904169355806512	0.141283672587841	0.0913336310958886	0.314705582376966	0.0259161327103959	0.0203327692544727	-0.245287419358557	0.0701306339696359	0.0119307887803949	0.0572904815507683	0.0257857882140907	-0.00127780918797347	0.0867630902443704	0.694254613055101	0.0923631549534641	0.134006145623077	0.0375082478750651	0.0971999124218142	-0.0849953437152758	0.0204858867504238	0.119862904773245	-0.0436577822214535	-0.0157782668823643	-0.00387174281520584	0.014399004526499	0.00564709079178099	-0.00567690573693298	0.0684425035715288	-0.0690811429135359	0.0149212950025694	0.0739388493092878	0.0823133087851304	-0.0110838375761271	-0.0261339103748214	-0.038164805958648	-0.0323884422476338	0.0807467394416623	-0.0329246806402185	-0.0238177282094674	0.0139661879046391	0.0140473724063014	0.0259263729904928	0.00335334695705006	0.0200636026714425	-0.00984442500623715	0.0634914878864773	0.038915325324877	0.0132503766913359	0.0182737049057797	-0.0354869908871636	-0.0252959932366126	-3.26137793555168e-05	0.00489600859480902	0.0130838243562324	0.0140814097435957	0.0173348890095626	0.0498136121816846	0.0462531859397602	0.0406467661212435	0.0485056454792662	0.0450527682782992
Missense_damaging_benign_ratio	0.0469456389397916	0.164964529302079	0.120131846093023	0.0791158751255588	0.492078309447349	0.159345342553043	0.518405775808159	0.192567979788007	0.0445999894609402	0.687124646107703	0.905700207920056	0.182067016597547	0.0334351870731836	0.904169355806512	0	0.168164608826828	0.0709835642540692	0.141608072167996	0.00463587348617015	0.160347460986788	-0.128432530644997	0.0293007557747358	-0.00136889118289361	0.0639907502975443	0.0206393918702746	-0.00876012298561297	0.060633570428734	0.687307442247743	0.0741437201763806	0.0834726619022601	0.026689493110456	0.0903304572631215	-0.0802121953265895	0.00499326868164103	0.120326101067149	-0.0259680617621103	-0.000566730192790189	0.00905465780335999	0.0171647839288064	0.00497471441821396	0.00019998847362854	0.0707876723182435	-0.0637085370991056	-0.000192201353318295	0.0776189604165533	0.0945174106966793	-0.0216451917624001	-0.011717520303606	-0.0596624131994638	-0.0314389699764715	0.0729684744398652	-0.0430909535971099	-0.0204929592101174	0.0489125966666597	0.0427015621476304	0.0539875971086544	0.0444360636348706	0.0516086488686311	0.0323319958064367	0.0315527720691012	0.0258025193331631	0.0458846640322944	0.0432201982480602	0.00834317280326471	0.0171434301186305	-0.00125496939326968	0.00990261705643328	0.0496351021203556	0.0475041992718066	0.0111731660333167	0.0371744822901023	0.0607085823361476	0.0512589343949721	0.0622366587105427	0.0553293155181752
PolyPhen_2_score	0.109971452051617	0.347819523297859	0.271507350860611	0.215132185768785	0.0143874634594683	0.0246132973885546	0.0183964413731296	0.0258011802126761	0.0607652385547742	0.0269652134357628	0.219909015850682	0.0405004495143912	0.10448116052042	0.141283672587841	0.168164608826828	0	0.0879633596136769	0.225386479462615	0.075506792334968	0.0228023795649849	0.11545143704844	0.0722882514510645	-0.0129311469674533	0.0476269161277191	0.0227768089893188	-0.0419594980234743	0.0845201958428245	0.0391683736031876	0.253842279104568	0.363408928813949	0.100658247146263	0.275202698372375	-0.301077453972754	-0.0523946184256124	0.460860027538884	-0.0168704248455709	0.0109636095583499	0.0818839553927961	0.0579047229589749	-0.0146073499911161	0.0329794029330261	0.1742077473131	-0.216769826368355	0.00388412811495499	0.229308039320777	0.287154875708202	-0.107668022608575	-0.0285478729786474	-0.223823111645642	-0.0629390880059392	0.164505664328339	-0.189711642926453	-0.0677393270892264	0.109759268874043	0.0553815506698429	0.121154984626423	0.102957327780592	0.162746809265601	0.145254231707288	0.106169202140897	0.0820620087019274	0.145692948738081	0.104903773388661	0.102788159401234	0.11179044079703	0.0235647831789386	0.0476768123249437	0.134763357760459	0.0876913627435772	0.00348210736371518	0.0562654632723125	0.111143325674254	0.099974380463877	0.134324386199635	0.156378929469123
LOF_total_ratio	-0.101825014176617	0.129358784418587	0.558999807007774	0.112155451299631	-0.0027634685550241	0.278872525101158	-0.0223417195707704	0.515321040272676	0.149970426464364	0.0683871306289564	0.0283268626194415	0.481125274630465	0.119889795183172	0.0913336310958886	0.0709835642540692	0.0879633596136769	0	-0.0482645841666791	0.0338595053895995	0.471845248326099	-0.251118092396797	0.665696684539965	0.00185931934860378	0.779348314998106	0.0253385440205749	-0.0179623626678432	0.932553919132659	0.215916021483148	0.142587046558138	0.193201074778699	0.0622134346415907	0.153318281785864	-0.0946018229103446	0.00192812364445863	0.107400955262532	-0.155053416475384	-0.0208329407057167	0.0360309437270922	0.00497830055897276	-0.00297927686843792	-0.0128403160404959	0.0996429478587367	-0.0966311842451725	0.040900593670078	0.0925689437614298	0.155231482531042	0.00625879082387418	-0.0154308495101849	-0.0364227953129557	-0.0530696243858484	0.14169487283061	-0.0589288590978229	-0.0521350665324882	0.113372786787954	0.115024501275338	0.134974323544625	0.0985712654573123	0.103154983283761	0.0409446233017398	0.141327291653538	0.087780639360125	0.0889158069530432	0.127472436528735	-0.0738779744391805	-0.0376554528750184	0.00725340071948566	0.0203625705353199	0.103658752625085	0.128840868308373	0.0385490904539153	0.102389994367088	0.163923070437762	0.153213126474524	0.135980971476163	0.119608109817701
Missense_total_ratio	-0.00714980341896513	0.477472422511712	0.151665353039297	0.0903402816831168	0.0588703512281275	-0.0497384861115523	0.195832493357842	-0.0662924228383466	0.0932519414350456	0.248191584833964	0.0783252256127831	-0.0753282350837988	0.061789783012352	0.314705582376966	0.141608072167996	0.225386479462615	-0.0482645841666791	0	0.0325489192685168	-0.100738094515161	-0.0890307173866725	0.0366856271923472	0.020783983401408	-0.121775997539775	-0.0836447746507553	-0.014129040204991	-0.059448209476063	0.213096135778398	0.22184526418925	0.633289882827126	0.162648605888226	0.137613686450595	-0.0275304089408176	0.0584542731655871	0.227445507674699	0.0694269856609978	0.00347390879965332	-0.0235348351059953	0.00929550747692214	-0.025566896579566	-0.0177023350525379	0.039247560264855	-0.140701109510856	0.0165216199730476	0.0451239194533444	0.0971862626923956	0.0126458522416083	0.0143134092062675	0.0260852508364467	-0.000933388601345934	0.0267217557784591	0.0250806374580661	0.0382795663435209	0.03764440557865	0.0344284424058785	0.0508716467065585	0.042243675293837	0.0412880402416433	0.0313351199106609	0.064795670408546	0.0561501062734692	0.0395352956202795	0.0395779812167197	0.00893387788657205	0.00522797129953756	0.0497033528887017	0.0506615954597412	0.0332119230088729	0.0421213652922775	0.0750984426773675	0.119963231600074	0.053723689446836	0.0515537237018222	0.0265840624739011	0.0505048330428514
Splice_total_ratio	-0.113310950114925	-0.00202211736335327	0.00722430528420173	0.647811480643575	-0.0155068828645286	-0.00815839452899867	-0.0686102881252501	0.00565893021548173	0.903339396010481	0.00789543926101548	-0.000877978667214359	0.00560365940176489	0.923003492975556	0.0259161327103959	0.00463587348617015	0.075506792334968	0.0338595053895995	0.0325489192685168	0	0.00232042362859385	-0.062454964771739	0.0830049825020719	-0.0281219624567589	-0.0322820124666679	-0.0496692475463398	0.0272704002115057	0.276146164700514	0.0192952048153871	0.184979056694953	0.0752806383489166	0.0312688454022508	0.249234753937153	-0.153597231732433	-0.0136659523134114	0.206306457961001	-0.049655730417822	-0.0537298874595836	-0.00502097221782122	-0.0284858484186161	-0.0402327370108765	-0.0246551987675121	0.0108688268620225	-0.0201991720998297	0.039707788663629	0.0690056449038823	0.0858931503734753	-0.0227449948084856	-0.0323902047066138	-0.0472180056571539	-0.0131763541717456	0.0287683105940667	-0.0801804014492667	-0.125388770056083	-0.0119895547403515	0.0234378341591781	0.0147969743049086	0.027334723114834	0.0220266535468872	0.0239991062039587	0.061076737615557	0.0190676543350999	0.0117972140610368	0.0320757080331935	-0.0339774586934355	-0.0338604354685153	-0.0312637562102544	-0.00258401706369366	0.00592027635631444	0.0297683073843731	0.012639957167949	0.0448787362672695	0.0401080720981786	0.0391430201095394	0.0305067992718343	0.0347405658717056
LOF_missense_ratio	-0.0115949020229312	0.0316013794137651	0.201239302917513	0.0370639109083278	5.28186113341072e-05	0.511376521915719	-0.0054891216393064	0.943322436962343	0.0466317866253886	0.0141681990144471	0.126498757754199	0.978578896049402	0.0396045065958464	0.0203327692544727	0.160347460986788	0.0228023795649849	0.471845248326099	-0.100738094515161	0.00232042362859385	0	-0.0753667695208611	0.171011526470487	-0.00105176854263767	0.463443938688795	0.0216001562084094	-0.00378100292990682	0.418685793634693	0.278803535380613	0.0271692586793225	0.0428432727496554	0.0172584602506212	0.039137279817751	-0.0298079365080242	-0.00568626743331199	0.0297069894129581	-0.0458192932075458	-0.0156842418136442	0.011394045811015	-0.00629483013695732	-0.00374722147981926	-0.00071629019658993	0.0456927062955824	-0.032274978568714	-0.00377110683643822	0.0280159911942746	0.0453706708380967	-0.00165061731085774	-0.0106377297327857	-0.0203959300945197	-0.0180879412491258	0.0453129876674908	-0.0148238651348427	-0.0168642627342947	0.0300719753907448	0.0254660736592487	0.0325259396760549	0.0199304140089727	0.0273944287552804	0.00598469764291796	0.0334844204629976	0.0188776362569536	0.0220093753632874	0.0299661324574026	-0.0178085289379716	-0.0120319906022263	-0.00571489599231043	0.0019625481543975	0.0249856549913111	0.0285848836442086	-0.000434639519412752	0.0106281432404271	0.0433549202862652	0.0384361309458655	0.0437010890166164	0.031827469957073
Silent_fraction	0.380738236331682	0.0622541282797527	-0.121717322438745	-0.0792496328368186	-0.0448422770813896	-0.0732994106722913	-0.115783852418475	-0.168862444903086	-0.231296992050592	-0.243893131757838	-0.0122134751330353	-0.134073382604081	-0.166144025499217	-0.245287419358557	-0.128432530644997	0.11545143704844	-0.251118092396797	-0.0890307173866725	-0.062454964771739	-0.0753667695208611	0	-0.206048695655057	-0.0107959879230788	-0.180289986638726	-0.0316922278296566	-0.00464064237276558	-0.262013869999567	-0.2985985177739	-0.0498722921839544	0.244877469633384	0.0762793043476434	-0.0977678580548745	0.0195029502855857	-0.137967982254766	0.0699369619377586	0.134470202600527	0.0239379562594031	0.0803318560476922	0.00860969976900532	0.0144583587001818	0.0466826950338689	-0.0183132822987574	-0.0422144229670398	-0.0661607233199596	-0.017831986500784	-0.0571705806087545	-0.0374195703910111	-0.0137708467244918	-0.0204078111317249	0.0451833923542549	-0.118234012634912	0.0344442016346247	0.053566675688276	0.013015483482947	-0.0476680220838814	-0.0236910018523183	0.0049963800030886	0.0239191759104451	0.0858765541056114	-0.0642817098003506	-0.0298043097490858	0.0292042172702649	-0.0277197262525943	0.13005711302745	0.101253128798447	0.0221313496316426	0.00419375633930741	0.0325592211406143	-0.0255067784298789	-0.0626672893570362	-0.11831067760287	-0.0721317080165271	-0.0541633944294481	-0.012089190135261	0.014924758229117
Nonsense_fraction	-0.0920602235495655	0.113074720374645	0.433198116407724	0.128122307669127	-0.00595186553064645	0.0994843937710706	-0.0426974039645507	0.200793040213876	0.166329156919394	0.0534281810703379	-0.00631344157935618	0.174455208734154	0.140997363427426	0.0701306339696359	0.0293007557747358	0.0722882514510645	0.665696684539965	0.0366856271923472	0.0830049825020719	0.171011526470487	-0.206048695655057	0	-0.00326395533352653	0.102329725353951	-0.0283160946841014	-0.0203800203829727	0.676414201926946	0.111490527005386	0.176913390374064	0.169578703916733	0.0521675520630742	0.165597979537941	-0.08619761911536	0.0760168188362384	0.103758356677227	-0.0832434932472011	0.00214070855014856	-0.0227871965581763	-0.00706058078235916	-0.030987383124158	-0.0259952577941745	0.053532175640069	-0.0713864580528336	0.0642416084280513	0.0768755523659299	0.124639085501699	0.0228691760624096	-0.014181706167365	-0.0114816598824623	-0.0320886785954314	0.123199035015348	-0.0273134620869912	-0.0213855097289995	0.0599558474267296	0.0846224884239927	0.0908860906757293	0.0690544311916254	0.0590175690088376	0.0148796889727158	0.105867824039937	0.0658312850710067	0.0452898843841564	0.0920718751250813	-0.0563298877222788	-0.0385421186393753	0.0291758966562922	0.0417947072343777	0.0464013149235299	0.0851993499727235	0.0871373191301417	0.154364611342619	0.121713892483251	0.106379839465893	0.0777693798727908	0.0725931248928886
Recurrent_missense_fraction	0.0479401298879627	0.0426582809323175	0.0341620203638911	-0.00546559889551266	0.00467414195292078	0.00230196467005607	0.0417657461026761	0.000345643480656955	-0.0258239820735976	0.00642935422712669	7.38741868901006e-05	0.00114117374466952	-0.0249805776069702	0.0119307887803949	-0.00136889118289361	-0.0129311469674533	0.00185931934860378	0.020783983401408	-0.0281219624567589	-0.00105176854263767	-0.0107959879230788	-0.00326395533352653	0	0.00641019339492597	0.0106932069188998	-0.007892379944196	-0.00607632972907321	0.00748934533611426	0.00939018093643022	0.0165413459251685	0.00585527056267511	0.00436479988727725	0.0127295994718436	0.00473584515936573	-0.0105677786417922	-0.0121178862974922	-0.000317440468579919	-0.00220520162976052	-0.00891323472239132	-0.0019458562377495	-0.00480638352148108	0.0131503025682554	-0.00738249685804591	0.00145523731167568	-0.00597393314500046	0.0101535916194765	-0.00255753118432405	0.010074300269343	0.00789829204874846	1.72482564743647e-05	0.00937565060796864	-0.000883716215906873	-0.0123266324176407	-0.00431241404985663	-0.00801579820288885	-0.00454422173682466	-0.0110161172343451	-0.00479457979765159	-0.00917095136311493	-0.00204414261127459	-0.00339876326508938	0.00113690714785247	-0.00481327834708274	-0.00887904185145527	-0.0107826280349948	-0.00905440715272174	-0.00940378902407552	-0.00259056816479857	-0.0085190628027512	-0.014122064332456	-0.00938488070838784	-0.00273426757325858	-0.0077858268051977	-0.00344078152585077	-0.00264885883671221
Frameshift_indel_fraction	-0.0611751708574862	0.0585180098686389	0.381258694486261	0.0252846395351637	0.000840575377042677	0.260624065662604	0.00406129151835249	0.486155823786736	0.0497187306915446	0.0435737284929276	0.0400309114954236	0.46581385723801	0.0322283214372999	0.0572904815507683	0.0639907502975443	0.0476269161277191	0.779348314998106	-0.121775997539775	-0.0322820124666679	0.463443938688795	-0.180289986638726	0.102329725353951	0.00641019339492597	0	0.0575853461632611	-0.0197934644094851	0.728310650258339	0.185483062616215	0.0334982036698803	0.0903128296789816	0.0326250604572526	0.0565698157795131	-0.0564644556593477	-0.0645302728329082	0.0456434032267476	-0.134490840229797	-0.0271285676598017	0.0650200203249935	0.0159611626448758	0.0220463487834621	0.00526350116179828	0.078936922339164	-0.0627811460876894	-0.00141954950289254	0.0498231687066056	0.0885266750219666	-0.00831683780466018	-0.00879351210413853	-0.0311209275465673	-0.0369557758432488	0.0777985191125151	-0.0535268731959587	-0.0494995605890933	0.0959309920977539	0.0793547244410177	0.0976324739521727	0.0694066561631374	0.081158864326205	0.0385197909535168	0.0913979672556711	0.0573720164355843	0.0752530480307195	0.0885609923056579	-0.0515241936703741	-0.0199747076684235	-0.0175495273441317	-0.00823978853087467	0.0944047416710919	0.096310893749423	-0.0223958785314472	0.0034952455247771	0.108059711623654	0.107060587038827	0.108126480921079	0.090964283984699
Inframe_indel_fraction	0.00397149211084679	0.00409357413720433	0.0080408454881357	-0.0386578996813104	0.00346340987175948	0.0279663293447924	0.0847212361580957	0.0335090931082411	-0.0258296760132319	0.0134278668556384	0.0213764861328571	0.0306127094607872	-0.025172902457132	0.0257857882140907	0.0206393918702746	0.0227768089893188	0.0253385440205749	-0.0836447746507553	-0.0496692475463398	0.0216001562084094	-0.0316922278296566	-0.0283160946841014	0.0106932069188998	0.0575853461632611	0	-0.00611443975449371	0.00868640247525543	0.0456335840640438	-0.0342158458924598	0.02096214836276	0.00542664465410078	-0.0255338459451303	-0.0174249242805782	-0.0659941078080035	-0.00780377482078719	-0.0312486858092979	-0.031481108304589	0.051805120596454	0.0145405435389314	0.0381338241780854	0.0206536579460044	0.0648905492244231	-0.0453599577814408	-0.0222452892150761	0.0213169959913657	0.0282822907594684	-0.00883952226227569	0.0138456685756006	-0.00918414077108468	-0.0217260777760981	0.0340717287991948	-0.0324950265878948	-0.0380484355094612	0.0491223378899971	0.0392413756588659	0.0375453287854954	0.0318158352169508	0.0389180925971872	0.0233596817750979	0.0207658531778188	0.0107964890513477	0.035279462194224	0.030326335585937	-0.00616201154079074	0.00543431930837555	-0.0102667380692415	-0.0192669586068354	0.0485783525504714	0.0430156354595806	-0.0521818761982188	-0.0536394259730716	0.0316184858355998	0.0398166520694662	0.0456065237129112	0.0412730444547299
Lost_start_and_stop_fraction	-0.0372192938507217	-0.149513734367052	-0.142878036289422	-0.0772002140014537	-0.00651153474541073	-0.00588304105989404	-0.0305744814238051	-0.00410228367575483	0.0409672820910658	-0.00209874951803984	-0.00712451616476726	-0.00384461880701847	0.0359889772716247	-0.00127780918797347	-0.00876012298561297	-0.0419594980234743	-0.0179623626678432	-0.014129040204991	0.0272704002115057	-0.00378100292990682	-0.00464064237276558	-0.0203800203829727	-0.007892379944196	-0.0197934644094851	-0.00611443975449371	0	0.147220150603691	-0.00436859296013253	-0.078203532598788	-0.108620501656722	0.00731839077871777	-0.0572826174697568	-0.0223569876783524	-0.00696358754210421	-0.0122648935351442	0.0200832751433659	-0.00622455578004641	-0.00131865817545033	-0.0142526918500611	-0.000984630568324262	-0.00506887240662685	-0.0316777517976851	0.0167432890072027	0.00347634432704749	-0.0430925000732747	-0.0954930491343389	0.010275066345005	-0.0512562999316642	0.0494547230443138	0.0010339641737245	-0.0300043408687121	0.02902967198374	-0.00942508977416237	0.00251095044893516	0.0204138361201585	-0.00333088256399638	0.0001904446484142	-0.0162810993328968	-0.0231048896159783	-0.0218481824939378	-0.0173896336641415	-0.0125654390836087	-0.00433172496507635	-0.0386303914156044	-0.0284968825124773	-0.0364961263740379	-0.0261488265328853	-0.00016890716025368	0.00727320747720624	-0.0227335642335038	-0.0283022361732952	-0.00542675559107994	0.00185750360971825	-0.0152762556272061	-0.0139491182630559
